*************************************************
******************* ORCA 6.1.0-f.0 ******************
*************************************************
$Calculation_Status
   &GeometryIndex 1
   &version [&Type "String"] "6.1.0-f.0"
   &progName [&Type "String"] "ProgCAS"
   &Status [&Type "String"] "NORMAL TERMINATION"
$End
$Geometry
   &GeometryIndex 1
   &NAtoms [&Type "Integer"] 85
   &NCorelessECP [&Type "Integer"] 0
   &NGhostAtoms [&Type "Integer"] 0
   &CartesianCoordinates [&Type "Coordinates", &Dim(85,4), &Units "Bohr"] 
              N     81.768449814773   46.543954678480  103.538094877545
              H     81.522785417363   46.714030030533  105.427821011467
              C     79.670853806120   46.789619075890  101.818444095677
              H     79.727545590138   45.202249123396  100.514533063271
              C     77.157518048005   46.317187542410  103.160149650761
              H     77.006339957291   47.639995836155  104.709725080577
              H     77.119723525326   44.484153192506  104.105012717722
              C     74.870949425960   46.071523145000  101.402704346214
              H     74.814257641942   47.810071188208  100.287765927201
              C     74.946538471317   43.860543568312   99.569669996311
              H     76.401627594436   44.200694272418   98.133478134531
              H     75.589045356850   42.140892786444  100.514533063271
              H     73.113504121413   43.577084648224   98.700395974707
              C     72.452099974541   45.939242315626  102.971177037369
              H     72.206435577131   44.049516181704  103.708170229598
              H     72.452099974541   47.375434177406  104.445163421828
              H     70.883627283386   46.203803974375  101.667266004963
              C     79.595264760763   49.321852095345  100.457841279254
              O     78.896066091212   49.567516492754   98.246861702566
              N     80.691305918437   51.230475490605  101.686163266303
              H     81.125942929239   51.041502877213  103.538094877545
              C     81.258223758614   53.668222203364  100.590122108628
              H     79.444086670049   54.631982531663  100.514533063271
              C     83.034566324500   55.123311326483  102.328670151836
              H     81.995216950843   55.142208587822  104.123909979061
              C     85.510107559937   53.762708510060  102.895587992012
              H     86.152614445470   54.499701702289  104.709725080577
              H     85.264443162527   51.759598808103  103.330225002814
              H     86.757326808325   53.838297555416  101.270423516840
              C     83.469203335302   57.806722436651  101.383807084875
              H     84.319580095566   58.978352639682  102.838896207995
              H     84.414066402262   58.090181356739   99.569669996311
              H     81.711758030755   58.864969071647  101.100348164787
              C     82.373162177627   53.630427680685   97.944505521138
              O     81.579477201380   55.047722281126   96.281546523288
              N     84.206196527531   51.986365944174   97.396484942301
              H     84.716422583690   50.814735741142   98.813779542742
              C     85.434518514580   51.608420717389   94.977635490882
              H     86.360484320201   53.384763283275   94.524101218741
              C     87.721087136625   49.907667196860   95.317786194988
              H     86.757326808325   48.169119153653   95.903601296504
              H     88.911614600995   50.644660389090   96.829567102125
              C     89.176176259744   49.435235663380   92.917834004908
              C     90.347806462775   51.381653581319   91.557231188485
              H     89.913169451973   53.290276976579   92.124149028661
              C     91.708409279198   50.909222047839   89.346251611797
              H     92.615477823481   52.439900216315   88.344696760819
              C     91.802895585894   48.471475335080   88.306902238140
              H     92.880039482230   48.112427369635   86.625045978950
              C     90.669059905542   46.506160155802   89.686402315903
              H     90.536779076167   44.578639499202   88.987203646352
              C     89.365148873136   46.978591689282   91.916279153930
              H     88.363594022158   45.504605304824   92.936731266247
              C     83.677073210033   50.909222047839   92.804450436873
              O     83.941634868782   52.024160466852   90.782443473577
              N     81.768449814773   49.359646618023   93.390265538388
              H     81.541682678702   48.868317823204   95.204402626953
              C     79.840929158173   48.301399983027   91.746203801877
              H     80.785792225134   47.866762972225   89.969861235991
              C     78.669298955142   45.939242315626   92.917834004908
              H     77.176415309344   45.277838168753   91.670614756520
              H     77.970100285591   46.430571110445   94.788662877490
              C     80.559025089063   43.841646306973   93.371368277049
              C     80.615716873081   41.895228389034   91.557231188485
              H     79.538572976745   41.800742082338   89.837580406616
              C     82.429853961645   40.005502255113   91.840690108573
              H     82.354264916288   38.474824086637   90.498984553489
              C     84.225093788870   39.929913209756   93.806005287851
              H     85.547902082615   38.399235041280   94.032772423921
              C     84.168402004853   41.895228389034   95.563450592398
              H     85.547902082615   42.140892786444   97.056334238195
              C     82.448751222984   43.879440829651   95.204402626953
              H     82.732210143072   45.429016259467   96.489416398019
              C     77.818922194877   50.285612423645   91.235977745718
              O     76.685086514524   50.115537071592   89.213970782422
              N     77.497668752111   52.250927602923   92.785553175533
              H     78.480326341750   52.099749512209   94.410717650706
              C     76.118168674348   54.480804440950   91.972970937947
              H     74.417415153819   53.781605771399   91.028107870987
              C     75.324483698101   55.992585348087   94.278436821331
              H     74.209545279088   57.561058039241   93.522546367763
              H     74.039469927035   54.820955145056   95.374477979006
              H     77.025237218630   56.597297710941   95.279991672310
              C     77.535463274789   56.068174393444   90.045450281348
              O     76.741778298542   56.238249745496   87.872265227338
$End
$CAS_SCF_Energies
   &GeometryIndex 1
   &finalEnergy [&Type "Double"]      -1.8597003393497039e+03  "Final GS or SA energy"
   &numOfElectrons [&Type "Integer"] 310
   &numOfActiveEl [&Type "Integer"] 4 "Number of active electrons"
   &numOfActiveOrbs [&Type "Integer"] 4 "Number of active orbitals"
   &numOfFCElectrons [&Type "Integer"] 0
   &Method [&Type "String"] "CASSCF"
   &totalEnergy [&Type "ArrayOfDoubles", &Dim (1,1)] "Total energy of each state"
                                                         0

0                                     -1.8597003393497039e+03
   &Mult [&Type "ArrayOfIntegers", &Dim (1,1)] "Multiplicity of each state"
                                                         0

0                                                        1
   &RelCorr [&Type "String"] "None" "Relativistic correction (SOC and/or SSC)"
   &NBlocks [&Type "Integer"] 1 "Number of multiplicity blocks"
   &NRoots [&Type "ArrayOfIntegers", &Dim (1,1)] "Number of roots in each block"
                                                         0

0                                                        1
   &NTotalRoots [&Type "Integer"] 1 "Total number of roots"
   &Block [&Type "ArrayOfIntegers", &Dim (1,1)] "Block index of each state"
                                                         0

0                                                        0
   &Root [&Type "ArrayOfIntegers", &Dim (1,1)] "Root index within the block"
                                                         0

0                                                        0
$End
$Mulliken_Population_Analysis
   &GeometryIndex 1
   &NAtoms [&Type "Integer"] 85
   &ATNO [&Type "ArrayOfIntegers", &Dim (85,1)] 
                                                         0

0                                                        7
1                                                        1
2                                                        6
3                                                        1
4                                                        6
5                                                        1
6                                                        1
7                                                        6
8                                                        1
9                                                        6
10                                                       1
11                                                       1
12                                                       1
13                                                       6
14                                                       1
15                                                       1
16                                                       1
17                                                       6
18                                                       8
19                                                       7
20                                                       1
21                                                       6
22                                                       1
23                                                       6
24                                                       1
25                                                       6
26                                                       1
27                                                       1
28                                                       1
29                                                       6
30                                                       1
31                                                       1
32                                                       1
33                                                       6
34                                                       8
35                                                       7
36                                                       1
37                                                       6
38                                                       1
39                                                       6
40                                                       1
41                                                       1
42                                                       6
43                                                       6
44                                                       1
45                                                       6
46                                                       1
47                                                       6
48                                                       1
49                                                       6
50                                                       1
51                                                       6
52                                                       1
53                                                       6
54                                                       8
55                                                       7
56                                                       1
57                                                       6
58                                                       1
59                                                       6
60                                                       1
61                                                       1
62                                                       6
63                                                       6
64                                                       1
65                                                       6
66                                                       1
67                                                       6
68                                                       1
69                                                       6
70                                                       1
71                                                       6
72                                                       1
73                                                       6
74                                                       8
75                                                       7
76                                                       1
77                                                       6
78                                                       1
79                                                       6
80                                                       1
81                                                       1
82                                                       1
83                                                       6
84                                                       8
   &AtomicCharges [&Type "ArrayOfDoubles", &Dim (85,1)] 
                                                         0

0                                     -2.6040334040099644e-01
1                                      1.5467803736026331e-01
2                                     -2.5005580517838411e-03
3                                      9.5072383946544825e-02
4                                     -1.1263652402747226e-01
5                                      4.8268606555602833e-02
6                                      5.5572476070677501e-02
7                                     -2.1832016005598476e-02
8                                      5.2207557293071361e-02
9                                     -1.7869501812700594e-01
10                                     5.9280189796273475e-02
11                                     5.4837967378321029e-02
12                                     6.8662472768375005e-02
13                                    -1.7886908210664565e-01
14                                     5.8610088526742876e-02
15                                     5.8092401486216971e-02
16                                     6.0344878394099966e-02
17                                     3.1102737341074427e-01
18                                    -3.0887503547438655e-01
19                                    -3.7136504231590362e-01
20                                     1.9957294536214631e-01
21                                     4.7496651132179935e-02
22                                     8.1166799013814517e-02
23                                    -2.0239336287517062e-02
24                                     5.2667217673828426e-02
25                                    -1.8655055162130019e-01
26                                     6.8877536959877084e-02
27                                     5.5013799884170655e-02
28                                     7.0928226784566339e-02
29                                    -1.8659105355726791e-01
30                                     6.3957184826431757e-02
31                                     7.4046832389856210e-02
32                                     6.2814501283239399e-02
33                                     2.9822892631062548e-01
34                                    -2.9425904341862541e-01
35                                    -3.7893749839315127e-01
36                                     1.9212802914200278e-01
37                                     5.1893686417306739e-02
38                                     7.9631225800635086e-02
39                                    -1.0597964927599612e-01
40                                     5.5854335376421593e-02
41                                     6.9554595241072881e-02
42                                     7.3419475877241069e-03
43                                    -6.4280400274343563e-02
44                                     6.3143533095714299e-02
45                                    -5.7855017925939833e-02
46                                     6.4749998830039068e-02
47                                    -6.2151512381127816e-02
48                                     6.7865777037620423e-02
49                                    -6.1651310073512988e-02
50                                     6.2061879964498079e-02
51                                    -6.3633435889111745e-02
52                                     5.8637880979168333e-02
53                                     3.0156575216583370e-01
54                                    -2.8012599805055061e-01
55                                    -3.8774592730619428e-01
56                                     2.0531320262092656e-01
57                                     5.9378671071694811e-02
58                                     9.0601539498891048e-02
59                                    -1.1425643253597251e-01
60                                     8.0189160611986554e-02
61                                     7.4113534091631239e-02
62                                     1.1713074965649994e-02
63                                    -6.9603547266707366e-02
64                                     7.0411695513131312e-02
65                                    -5.8724698718741308e-02
66                                     5.8481694030882769e-02
67                                    -6.8662273467352541e-02
68                                     6.5810853863299101e-02
69                                    -6.1186607424297712e-02
70                                     6.1735978028490734e-02
71                                    -7.5121870187498274e-02
72                                     4.8989354985380373e-02
73                                     2.9158923277789839e-01
74                                    -3.0456264483682993e-01
75                                    -3.7686508675299457e-01
76                                     2.2073019528684945e-01
77                                     6.0355144601849098e-02
78                                     8.8955109101533258e-02
79                                    -1.7653021538150782e-01
80                                     6.4629186054336318e-02
81                                     6.9462396649303315e-02
82                                     8.5335399292302272e-02
83                                     1.5893827387434634e-01
84                                    -2.0189666562981934e-01
   &Method [&Type "String"] "CASSCF"
   &Level [&Type "String"] "Relaxed density"
   &Mult [&Type "Integer"] 1
   &State [&Type "Integer"] 0
   &Irrep [&Type "Integer"] 0
$End
$Loewdin_Population_Analysis
   &GeometryIndex 1
   &NAtoms [&Type "Integer"] 85
   &ATNO [&Type "ArrayOfIntegers", &Dim (85,1)] 
                                                         0

0                                                        7
1                                                        1
2                                                        6
3                                                        1
4                                                        6
5                                                        1
6                                                        1
7                                                        6
8                                                        1
9                                                        6
10                                                       1
11                                                       1
12                                                       1
13                                                       6
14                                                       1
15                                                       1
16                                                       1
17                                                       6
18                                                       8
19                                                       7
20                                                       1
21                                                       6
22                                                       1
23                                                       6
24                                                       1
25                                                       6
26                                                       1
27                                                       1
28                                                       1
29                                                       6
30                                                       1
31                                                       1
32                                                       1
33                                                       6
34                                                       8
35                                                       7
36                                                       1
37                                                       6
38                                                       1
39                                                       6
40                                                       1
41                                                       1
42                                                       6
43                                                       6
44                                                       1
45                                                       6
46                                                       1
47                                                       6
48                                                       1
49                                                       6
50                                                       1
51                                                       6
52                                                       1
53                                                       6
54                                                       8
55                                                       7
56                                                       1
57                                                       6
58                                                       1
59                                                       6
60                                                       1
61                                                       1
62                                                       6
63                                                       6
64                                                       1
65                                                       6
66                                                       1
67                                                       6
68                                                       1
69                                                       6
70                                                       1
71                                                       6
72                                                       1
73                                                       6
74                                                       8
75                                                       7
76                                                       1
77                                                       6
78                                                       1
79                                                       6
80                                                       1
81                                                       1
82                                                       1
83                                                       6
84                                                       8
   &AtomicCharges [&Type "ArrayOfDoubles", &Dim (85,1)] 
                                                         0

0                                     -1.7978719639726126e-01
1                                      9.7893007084822070e-02
2                                      1.5004326088668307e-02
3                                      5.4318775829213850e-02
4                                     -5.4618840575869854e-02
5                                      1.7735114480212699e-02
6                                      2.4165290656567362e-02
7                                      1.5140938204795340e-02
8                                      1.9154027705990839e-02
9                                     -9.1955027514490695e-02
10                                     2.9935739891457591e-02
11                                     2.5632750251694092e-02
12                                     3.6671406979182142e-02
13                                    -9.1453433859570055e-02
14                                     2.8070510550546435e-02
15                                     2.8434797665684464e-02
16                                     2.9991580405529294e-02
17                                     2.2668595492602606e-01
18                                    -2.6780565986513238e-01
19                                    -2.1788011872130841e-01
20                                     1.3499158508926790e-01
21                                     5.4867661907793241e-02
22                                     3.8878618151809485e-02
23                                     1.8017683354027092e-02
24                                     2.0284020724189777e-02
25                                    -9.8790876388092030e-02
26                                     3.7375657828884856e-02
27                                     2.6294740097166702e-02
28                                     3.8492225414339498e-02
29                                    -9.8196048718666162e-02
30                                     3.2767400463512786e-02
31                                     4.0820692537392844e-02
32                                     3.2058105237942058e-02
33                                     2.0900351812423335e-01
34                                    -2.5324446151466518e-01
35                                    -2.2578120031502813e-01
36                                     1.2827513737293050e-01
37                                     5.8638363686824846e-02
38                                     3.9120735804258788e-02
39                                    -4.2051180250851417e-02
40                                     2.5319340720056149e-02
41                                     3.5500417070862378e-02
42                                     1.1375443897223114e-02
43                                    -3.6165552897411857e-02
44                                     3.1083570797072357e-02
45                                    -2.5446134658201558e-02
46                                     3.1965679372888300e-02
47                                    -2.9257264830865992e-02
48                                     3.4465417831732847e-02
49                                    -2.9667601487221695e-02
50                                     3.0213285418475677e-02
51                                    -3.6557988570611322e-02
52                                     2.7603063932323368e-02
53                                     2.0984114387382569e-01
54                                    -2.3831061426210276e-01
55                                    -2.3517045145955873e-01
56                                     1.3847163056399847e-01
57                                     6.9870800029457669e-02
58                                     4.8428449765588355e-02
59                                    -4.8772295183729497e-02
60                                     4.4349037240044686e-02
61                                     3.9896571838182182e-02
62                                     1.8280518037470550e-02
63                                    -4.0697109132680431e-02
64                                     3.6730575143322786e-02
65                                    -2.6063854877028447e-02
66                                     2.6461800190384355e-02
67                                    -3.6059731433107700e-02
68                                     3.3043929464954713e-02
69                                    -2.8506249535198869e-02
70                                     2.9880287967475327e-02
71                                    -5.0431537814111138e-02
72                                     2.1268009221269257e-02
73                                     2.0064444090842581e-01
74                                    -2.6254505144394713e-01
75                                    -2.2333822339651643e-01
76                                     1.5073948453952690e-01
77                                     8.2487633238681468e-02
78                                     4.6012931124267742e-02
79                                    -8.6644475246097308e-02
80                                     3.4035659837580834e-02
81                                     3.7126461536656219e-02
82                                     4.9655232683720629e-02
83                                     7.0960587722263213e-02
84                                    -1.1923359013343848e-01
   &Method [&Type "String"] "CASSCF"
   &Level [&Type "String"] "Relaxed density"
   &Mult [&Type "Integer"] 1
   &State [&Type "Integer"] 0
   &Irrep [&Type "Integer"] 0
$End
$Mayer_Population_Analysis
   &GeometryIndex 1
   &NAtoms [&Type "Integer"] 85 "Total number of atoms"
   &NBondOrdersPrint [&Type "Integer"] 96 "The number of bond orders larger than threshold"
   &bondThresh [&Type "Double"]       1.0000000000000001e-01  "The threshold for printing"
   &components [&Type "ArrayOfIntegers", &Dim (96,4)] "The indices and atomic numbers of the bonding atoms"
                                                         0                           1                           2                           3

0                                                        0                           7                           1                           1
1                                                        0                           7                           2                           6
2                                                        2                           6                           3                           1
3                                                        2                           6                           4                           6
4                                                        2                           6                          17                           6
5                                                        4                           6                           5                           1
6                                                        4                           6                           6                           1
7                                                        4                           6                           7                           6
8                                                        7                           6                           8                           1
9                                                        7                           6                           9                           6
10                                                       7                           6                          13                           6
11                                                       9                           6                          10                           1
12                                                       9                           6                          11                           1
13                                                       9                           6                          12                           1
14                                                      13                           6                          14                           1
15                                                      13                           6                          15                           1
16                                                      13                           6                          16                           1
17                                                      17                           6                          18                           8
18                                                      17                           6                          19                           7
19                                                      18                           8                          19                           7
20                                                      19                           7                          20                           1
21                                                      19                           7                          21                           6
22                                                      21                           6                          22                           1
23                                                      21                           6                          23                           6
24                                                      21                           6                          33                           6
25                                                      23                           6                          24                           1
26                                                      23                           6                          25                           6
27                                                      23                           6                          29                           6
28                                                      25                           6                          26                           1
29                                                      25                           6                          27                           1
30                                                      25                           6                          28                           1
31                                                      29                           6                          30                           1
32                                                      29                           6                          31                           1
33                                                      29                           6                          32                           1
34                                                      33                           6                          34                           8
35                                                      33                           6                          35                           7
36                                                      34                           8                          35                           7
37                                                      35                           7                          36                           1
38                                                      35                           7                          37                           6
39                                                      37                           6                          38                           1
40                                                      37                           6                          39                           6
41                                                      37                           6                          53                           6
42                                                      39                           6                          40                           1
43                                                      39                           6                          41                           1
44                                                      39                           6                          42                           6
45                                                      42                           6                          43                           6
46                                                      42                           6                          47                           6
47                                                      42                           6                          51                           6
48                                                      43                           6                          44                           1
49                                                      43                           6                          45                           6
50                                                      43                           6                          49                           6
51                                                      45                           6                          46                           1
52                                                      45                           6                          47                           6
53                                                      45                           6                          51                           6
54                                                      47                           6                          48                           1
55                                                      47                           6                          49                           6
56                                                      49                           6                          50                           1
57                                                      49                           6                          51                           6
58                                                      51                           6                          52                           1
59                                                      53                           6                          54                           8
60                                                      53                           6                          55                           7
61                                                      54                           8                          55                           7
62                                                      55                           7                          56                           1
63                                                      55                           7                          57                           6
64                                                      57                           6                          58                           1
65                                                      57                           6                          59                           6
66                                                      57                           6                          73                           6
67                                                      59                           6                          60                           1
68                                                      59                           6                          61                           1
69                                                      59                           6                          62                           6
70                                                      62                           6                          63                           6
71                                                      62                           6                          67                           6
72                                                      62                           6                          71                           6
73                                                      63                           6                          64                           1
74                                                      63                           6                          65                           6
75                                                      63                           6                          69                           6
76                                                      65                           6                          66                           1
77                                                      65                           6                          67                           6
78                                                      65                           6                          71                           6
79                                                      67                           6                          68                           1
80                                                      67                           6                          69                           6
81                                                      69                           6                          70                           1
82                                                      69                           6                          71                           6
83                                                      71                           6                          72                           1
84                                                      73                           6                          74                           8
85                                                      73                           6                          75                           7
86                                                      74                           8                          75                           7
87                                                      75                           7                          76                           1
88                                                      75                           7                          77                           6
89                                                      77                           6                          78                           1
90                                                      77                           6                          79                           6
91                                                      77                           6                          83                           6
92                                                      79                           6                          80                           1
93                                                      79                           6                          81                           1
94                                                      79                           6                          82                           1
95                                                      83                           6                          84                           8
   &BondOrders [&Type "ArrayOfDoubles", &Dim (96,1)] "The bond orders"
                                                         0

0                                      9.4281950232297840e-01
1                                      9.9031550606075680e-01
2                                      9.5129784030666986e-01
3                                      9.7002621466873251e-01
4                                      9.2708718727174000e-01
5                                      9.7364299226843642e-01
6                                      9.7351837467640578e-01
7                                      9.8337202567292936e-01
8                                      9.6571199158228249e-01
9                                      9.9465195749211843e-01
10                                     9.9275174264298205e-01
11                                     9.8057229087980846e-01
12                                     9.8180435874161975e-01
13                                     9.8001772812680543e-01
14                                     9.8249382608236835e-01
15                                     9.8224282627483150e-01
16                                     9.8332291102193459e-01
17                                     1.8209164136594838e+00
18                                     1.1095636580419959e+00
19                                     1.6025030595812509e-01
20                                     9.1486407440171047e-01
21                                     9.3996028424588063e-01
22                                     9.5569353105452104e-01
23                                     9.6766797439257446e-01
24                                     9.3077388565746400e-01
25                                     9.6528462228461975e-01
26                                     9.9226906790249281e-01
27                                     9.9361716290442192e-01
28                                     9.8178536755476797e-01
29                                     9.8035930598845200e-01
30                                     9.7979311232383548e-01
31                                     9.8216376673280725e-01
32                                     9.7802810193491807e-01
33                                     9.8231088907711972e-01
34                                     1.8430207646185113e+00
35                                     1.0930421897073406e+00
36                                     1.5721593289047278e-01
37                                     9.1877095484703331e-01
38                                     9.3763529346336316e-01
39                                     9.5702418272309875e-01
40                                     9.7465531588828813e-01
41                                     9.2172010173552876e-01
42                                     9.7288096298635540e-01
43                                     9.6575426364581551e-01
44                                     9.9603569260064173e-01
45                                     1.4210987118225187e+00
46                                     1.1667723899733834e-01
47                                     1.4040627976277316e+00
48                                     9.7008558432074954e-01
49                                     1.4327075791649051e+00
50                                     1.1252547491049966e-01
51                                     9.7155943735197225e-01
52                                     1.4372162760877538e+00
53                                     1.1206337278428735e-01
54                                     9.7183564812705892e-01
55                                     1.4212366633382472e+00
56                                     9.7111630030323348e-01
57                                     1.4489739638247860e+00
58                                     9.6991898982755453e-01
59                                     1.8578981376671373e+00
60                                     1.0917711683554265e+00
61                                     1.6165119262932798e-01
62                                     9.0271017052210212e-01
63                                     9.4375946729020432e-01
64                                     9.5705557047555856e-01
65                                     9.7202377948435048e-01
66                                     9.2530789686098436e-01
67                                     9.7063124605271678e-01
68                                     9.6528964326200317e-01
69                                     9.9309619272221816e-01
70                                     1.3908857014166218e+00
71                                     1.1372297770647538e-01
72                                     1.4383665196069368e+00
73                                     9.7060162931305694e-01
74                                     1.4590281183840745e+00
75                                     1.1459821298814185e-01
76                                     9.7269870948842319e-01
77                                     1.4098694500818887e+00
78                                     1.1183138079559204e-01
79                                     9.7180703826835890e-01
80                                     1.4524761692342152e+00
81                                     9.7191052555808144e-01
82                                     1.4125810633643046e+00
83                                     9.6990572882180859e-01
84                                     1.8464463801536826e+00
85                                     1.0995303746228617e+00
86                                     1.5532256049922152e-01
87                                     8.9764302226318382e-01
88                                     9.4569715325294124e-01
89                                     9.4941092334996313e-01
90                                     9.9014887614594693e-01
91                                     9.0121401273228596e-01
92                                     9.8180099046700919e-01
93                                     9.8015991123586399e-01
94                                     9.7601926491956104e-01
95                                     2.0657910175306946e+00
   &ATNO [&Type "ArrayOfIntegers", &Dim (85,1)] "Atomic number of the elements"
                                                         0

0                                                        7
1                                                        1
2                                                        6
3                                                        1
4                                                        6
5                                                        1
6                                                        1
7                                                        6
8                                                        1
9                                                        6
10                                                       1
11                                                       1
12                                                       1
13                                                       6
14                                                       1
15                                                       1
16                                                       1
17                                                       6
18                                                       8
19                                                       7
20                                                       1
21                                                       6
22                                                       1
23                                                       6
24                                                       1
25                                                       6
26                                                       1
27                                                       1
28                                                       1
29                                                       6
30                                                       1
31                                                       1
32                                                       1
33                                                       6
34                                                       8
35                                                       7
36                                                       1
37                                                       6
38                                                       1
39                                                       6
40                                                       1
41                                                       1
42                                                       6
43                                                       6
44                                                       1
45                                                       6
46                                                       1
47                                                       6
48                                                       1
49                                                       6
50                                                       1
51                                                       6
52                                                       1
53                                                       6
54                                                       8
55                                                       7
56                                                       1
57                                                       6
58                                                       1
59                                                       6
60                                                       1
61                                                       1
62                                                       6
63                                                       6
64                                                       1
65                                                       6
66                                                       1
67                                                       6
68                                                       1
69                                                       6
70                                                       1
71                                                       6
72                                                       1
73                                                       6
74                                                       8
75                                                       7
76                                                       1
77                                                       6
78                                                       1
79                                                       6
80                                                       1
81                                                       1
82                                                       1
83                                                       6
84                                                       8
   &NA [&Type "ArrayOfDoubles", &Dim (85,1)] "Mulliken gross atomic population"
                                                         0

0                                      7.2604033404009947e+00
1                                      8.4532196263973713e-01
2                                      6.0025005580517732e+00
3                                      9.0492761605345495e-01
4                                      6.1126365240274767e+00
5                                      9.5173139344439739e-01
6                                      9.4442752392932217e-01
7                                      6.0218320160055914e+00
8                                      9.4779244270692808e-01
9                                      6.1786950181270042e+00
10                                     9.4071981020372630e-01
11                                     9.4516203262167853e-01
12                                     9.3133752723162511e-01
13                                     6.1788690821066456e+00
14                                     9.4138991147325746e-01
15                                     9.4190759851378270e-01
16                                     9.3965512160590003e-01
17                                     5.6889726265892557e+00
18                                     8.3088750354743954e+00
19                                     7.3713650423158956e+00
20                                     8.0042705463785380e-01
21                                     5.9525033488678218e+00
22                                     9.1883320098618571e-01
23                                     6.0202393362875242e+00
24                                     9.4733278232617113e-01
25                                     6.1865505516212949e+00
26                                     9.3112246304012292e-01
27                                     9.4498620011583001e-01
28                                     9.2907177321543444e-01
29                                     6.1865910535572652e+00
30                                     9.3604281517356813e-01
31                                     9.2595316761014379e-01
32                                     9.3718549871676071e-01
33                                     5.7017710736893727e+00
34                                     8.2942590434186183e+00
35                                     7.3789374983931477e+00
36                                     8.0787197085799689e-01
37                                     5.9481063135826924e+00
38                                     9.2036877419936458e-01
39                                     6.1059796492759943e+00
40                                     9.4414566462357896e-01
41                                     9.3044540475892634e-01
42                                     5.9926580524122803e+00
43                                     6.0642804002743436e+00
44                                     9.3685646690428559e-01
45                                     6.0578550179259363e+00
46                                     9.3525000116996093e-01
47                                     6.0621515123811207e+00
48                                     9.3213422296237969e-01
49                                     6.0616513100735139e+00
50                                     9.3793812003550203e-01
51                                     6.0636334358891171e+00
52                                     9.4136211902083167e-01
53                                     5.6984342478341716e+00
54                                     8.2801259980505488e+00
55                                     7.3877459273062023e+00
56                                     7.9468679737907311e-01
57                                     5.9406213289283150e+00
58                                     9.0939846050110940e-01
59                                     6.1142564325359734e+00
60                                     9.1981083938801356e-01
61                                     9.2588646590836921e-01
62                                     5.9882869250343509e+00
63                                     6.0696035472667171e+00
64                                     9.2958830448686858e-01
65                                     6.0587246987187386e+00
66                                     9.4151830596911723e-01
67                                     6.0686622734673552e+00
68                                     9.3418914613670079e-01
69                                     6.0611866074242897e+00
70                                     9.3826402197150938e-01
71                                     6.0751218701874921e+00
72                                     9.5101064501461974e-01
73                                     5.7084107672221025e+00
74                                     8.3045626448368459e+00
75                                     7.3768650867529999e+00
76                                     7.7926980471315055e-01
77                                     5.9396448553981482e+00
78                                     9.1104489089846674e-01
79                                     6.1765302153814980e+00
80                                     9.3537081394566368e-01
81                                     9.3053760335069668e-01
82                                     9.1466460070769773e-01
83                                     5.8410617261256537e+00
84                                     8.2018966656298211e+00
   &ZA [&Type "ArrayOfDoubles", &Dim (85,1)] "Total nuclear charge"
                                                         0

0                                      7.0000000000000000e+00
1                                      1.0000000000000000e+00
2                                      6.0000000000000000e+00
3                                      1.0000000000000000e+00
4                                      6.0000000000000000e+00
5                                      1.0000000000000000e+00
6                                      1.0000000000000000e+00
7                                      6.0000000000000000e+00
8                                      1.0000000000000000e+00
9                                      6.0000000000000000e+00
10                                     1.0000000000000000e+00
11                                     1.0000000000000000e+00
12                                     1.0000000000000000e+00
13                                     6.0000000000000000e+00
14                                     1.0000000000000000e+00
15                                     1.0000000000000000e+00
16                                     1.0000000000000000e+00
17                                     6.0000000000000000e+00
18                                     8.0000000000000000e+00
19                                     7.0000000000000000e+00
20                                     1.0000000000000000e+00
21                                     6.0000000000000000e+00
22                                     1.0000000000000000e+00
23                                     6.0000000000000000e+00
24                                     1.0000000000000000e+00
25                                     6.0000000000000000e+00
26                                     1.0000000000000000e+00
27                                     1.0000000000000000e+00
28                                     1.0000000000000000e+00
29                                     6.0000000000000000e+00
30                                     1.0000000000000000e+00
31                                     1.0000000000000000e+00
32                                     1.0000000000000000e+00
33                                     6.0000000000000000e+00
34                                     8.0000000000000000e+00
35                                     7.0000000000000000e+00
36                                     1.0000000000000000e+00
37                                     6.0000000000000000e+00
38                                     1.0000000000000000e+00
39                                     6.0000000000000000e+00
40                                     1.0000000000000000e+00
41                                     1.0000000000000000e+00
42                                     6.0000000000000000e+00
43                                     6.0000000000000000e+00
44                                     1.0000000000000000e+00
45                                     6.0000000000000000e+00
46                                     1.0000000000000000e+00
47                                     6.0000000000000000e+00
48                                     1.0000000000000000e+00
49                                     6.0000000000000000e+00
50                                     1.0000000000000000e+00
51                                     6.0000000000000000e+00
52                                     1.0000000000000000e+00
53                                     6.0000000000000000e+00
54                                     8.0000000000000000e+00
55                                     7.0000000000000000e+00
56                                     1.0000000000000000e+00
57                                     6.0000000000000000e+00
58                                     1.0000000000000000e+00
59                                     6.0000000000000000e+00
60                                     1.0000000000000000e+00
61                                     1.0000000000000000e+00
62                                     6.0000000000000000e+00
63                                     6.0000000000000000e+00
64                                     1.0000000000000000e+00
65                                     6.0000000000000000e+00
66                                     1.0000000000000000e+00
67                                     6.0000000000000000e+00
68                                     1.0000000000000000e+00
69                                     6.0000000000000000e+00
70                                     1.0000000000000000e+00
71                                     6.0000000000000000e+00
72                                     1.0000000000000000e+00
73                                     6.0000000000000000e+00
74                                     8.0000000000000000e+00
75                                     7.0000000000000000e+00
76                                     1.0000000000000000e+00
77                                     6.0000000000000000e+00
78                                     1.0000000000000000e+00
79                                     6.0000000000000000e+00
80                                     1.0000000000000000e+00
81                                     1.0000000000000000e+00
82                                     1.0000000000000000e+00
83                                     6.0000000000000000e+00
84                                     8.0000000000000000e+00
   &QA [&Type "ArrayOfDoubles", &Dim (85,1)] "Mulliken gross atomic charge"
                                                         0

0                                     -2.6040334040099467e-01
1                                      1.5467803736026287e-01
2                                     -2.5005580517731829e-03
3                                      9.5072383946545047e-02
4                                     -1.1263652402747670e-01
5                                      4.8268606555602611e-02
6                                      5.5572476070677834e-02
7                                     -2.1832016005591370e-02
8                                      5.2207557293071916e-02
9                                     -1.7869501812700417e-01
10                                     5.9280189796273697e-02
11                                     5.4837967378321473e-02
12                                     6.8662472768374894e-02
13                                    -1.7886908210664565e-01
14                                     5.8610088526742543e-02
15                                     5.8092401486217304e-02
16                                     6.0344878394099966e-02
17                                     3.1102737341074427e-01
18                                    -3.0887503547439543e-01
19                                    -3.7136504231589562e-01
20                                     1.9957294536214620e-01
21                                     4.7496651132178158e-02
22                                     8.1166799013814295e-02
23                                    -2.0239336287524168e-02
24                                     5.2667217673828870e-02
25                                    -1.8655055162129486e-01
26                                     6.8877536959877084e-02
27                                     5.5013799884169989e-02
28                                     7.0928226784565562e-02
29                                    -1.8659105355726524e-01
30                                     6.3957184826431868e-02
31                                     7.4046832389856210e-02
32                                     6.2814501283239288e-02
33                                     2.9822892631062725e-01
34                                    -2.9425904341861830e-01
35                                    -3.7893749839314772e-01
36                                     1.9212802914200311e-01
37                                     5.1893686417307627e-02
38                                     7.9631225800635419e-02
39                                    -1.0597964927599435e-01
40                                     5.5854335376421038e-02
41                                     6.9554595241073658e-02
42                                     7.3419475877196660e-03
43                                    -6.4280400274343563e-02
44                                     6.3143533095714410e-02
45                                    -5.7855017925936281e-02
46                                     6.4749998830039068e-02
47                                    -6.2151512381120710e-02
48                                     6.7865777037620312e-02
49                                    -6.1651310073513876e-02
50                                     6.2061879964497968e-02
51                                    -6.3633435889117074e-02
52                                     5.8637880979168333e-02
53                                     3.0156575216582837e-01
54                                    -2.8012599805054883e-01
55                                    -3.8774592730620228e-01
56                                     2.0531320262092689e-01
57                                     5.9378671071685041e-02
58                                     9.0601539498890604e-02
59                                    -1.1425643253597340e-01
60                                     8.0189160611986443e-02
61                                     7.4113534091630795e-02
62                                     1.1713074965649106e-02
63                                    -6.9603547266717136e-02
64                                     7.0411695513131423e-02
65                                    -5.8724698718738644e-02
66                                     5.8481694030882769e-02
67                                    -6.8662273467355206e-02
68                                     6.5810853863299212e-02
69                                    -6.1186607424289718e-02
70                                     6.1735978028490623e-02
71                                    -7.5121870187492057e-02
72                                     4.8989354985380262e-02
73                                     2.9158923277789750e-01
74                                    -3.0456264483684592e-01
75                                    -3.7686508675299990e-01
76                                     2.2073019528684945e-01
77                                     6.0355144601851762e-02
78                                     8.8955109101533258e-02
79                                    -1.7653021538149805e-01
80                                     6.4629186054336318e-02
81                                     6.9462396649303315e-02
82                                     8.5335399292302272e-02
83                                     1.5893827387434634e-01
84                                    -2.0189666562982111e-01
   &VA [&Type "ArrayOfDoubles", &Dim (85,1)] "Mayer's total valence"
                                                         0

0                                      2.9438926454384058e+00
1                                      9.7607470475837710e-01
2                                      3.9479974861430729e+00
3                                      9.9096124181072076e-01
4                                      3.9645983938371301e+00
5                                      9.9767014162118040e-01
6                                      9.9691169990337392e-01
7                                      3.9668327473238634e+00
8                                      9.9727437096149063e-01
9                                      3.9658015221794813e+00
10                                     9.9648585909771781e-01
11                                     9.9699279733381418e-01
12                                     9.9528546483333213e-01
13                                     3.9666273254448652e+00
14                                     9.9656485752288737e-01
15                                     9.9662527288956415e-01
16                                     9.9635849565160128e-01
17                                     3.9313414323557390e+00
18                                     2.1114270107677968e+00
19                                     3.1932421394833050e+00
20                                     9.6017063947947778e-01
21                                     3.9246168304628877e+00
22                                     9.9341195073785105e-01
23                                     3.9648356426365639e+00
24                                     9.9722616418249754e-01
25                                     3.9649404185161266e+00
26                                     9.9525588490234074e-01
27                                     9.9697348182230450e-01
28                                     9.9496918664519729e-01
29                                     3.9624160318605908e+00
30                                     9.9590947850907763e-01
31                                     9.9451706661302852e-01
32                                     9.9605433842853797e-01
33                                     3.9357568095354512e+00
34                                     2.1061422416450957e+00
35                                     3.1794971217057149e+00
36                                     9.6308682041800964e-01
37                                     3.9210310363731042e+00
38                                     9.9365886787748825e-01
39                                     3.9660054417644601e+00
40                                     9.9688029321965832e-01
41                                     9.9516215828085042e-01
42                                     3.9771851101176421e+00
43                                     3.9769590757426396e+00
44                                     9.9601289422819039e-01
45                                     3.9768953696382652e+00
46                                     9.9580743765150992e-01
47                                     3.9755949084151787e+00
48                                     9.9539423630708002e-01
49                                     3.9767138207455224e+00
50                                     9.9614832305527223e-01
51                                     3.9762675660484450e+00
52                                     9.9656159891427287e-01
53                                     3.9377065268650253e+00
54                                     2.1151614441110795e+00
55                                     3.1804283699793969e+00
56                                     9.5784648882953827e-01
57                                     3.9250046368366474e+00
58                                     9.9179136104043097e-01
59                                     3.9627375566127152e+00
60                                     9.9356969852034505e-01
61                                     9.9450718406444871e-01
62                                     3.9767700455919117e+00
63                                     3.9752297733987136e+00
64                                     9.9504219313496611e-01
65                                     3.9773554745399990e+00
66                                     9.9657989146327819e-01
67                                     3.9762098941443207e+00
68                                     9.9566893151378344e-01
69                                     3.9761616595603271e+00
70                                     9.9618866901686576e-01
71                                     3.9780965865393347e+00
72                                     9.9760004309811645e-01
73                                     3.9372993462976047e+00
74                                     2.0953899097891613e+00
75                                     3.1768783042328321e+00
76                                     9.5127818088862925e-01
77                                     3.9265069957064758e+00
78                                     9.9208698856473432e-01
79                                     3.9602384215808342e+00
80                                     9.9582306830995393e-01
81                                     9.9517497545173483e-01
82                                     9.9271786962762332e-01
83                                     3.6279738729676758e+00
84                                     2.3952263557256939e+00
   &BVA [&Type "ArrayOfDoubles", &Dim (85,1)] "Mayer's bonded valence"
                                                         0

0                                      1.9761259651888476e+00
1                                      9.7606114567160029e-01
2                                      3.9485041480610894e+00
3                                      9.8253511358537293e-01
4                                      3.9628178418092861e+00
5                                      9.9764061320596664e-01
6                                      9.9689844475765055e-01
7                                      3.9665636181831996e+00
8                                      9.9726781710662749e-01
9                                      3.9657445526830410e+00
10                                     9.9648851485170764e-01
11                                     9.9699145512399412e-01
12                                     9.9527437041024991e-01
13                                     3.9665676501453970e+00
14                                     9.9656440504907073e-01
15                                     9.9662431779577554e-01
16                                     9.9634055726887161e-01
17                                     3.9160513404046067e+00
18                                     2.1076594665108401e+00
19                                     3.1907235771778408e+00
20                                     9.5995400546200749e-01
21                                     3.9246129976285431e+00
22                                     9.9336529005295249e-01
23                                     3.9647459058125247e+00
24                                     9.9722617530893520e-01
25                                     3.9649052767210380e+00
26                                     9.9525335350032484e-01
27                                     9.9697195741806155e-01
28                                     9.9496900095203189e-01
29                                     3.9623989496373486e+00
30                                     9.9590669995607606e-01
31                                     9.9451701500655798e-01
32                                     9.9605433776003394e-01
33                                     3.9357423399095319e+00
34                                     2.1061263172675555e+00
35                                     3.1794935208533852e+00
36                                     9.6308662993588434e-01
37                                     3.9210306075195938e+00
38                                     9.9365877079176546e-01
39                                     3.9660053519789380e+00
40                                     9.9688029081267238e-01
41                                     9.9516215751314685e-01
42                                     3.9771850901103130e+00
43                                     3.9769590719191470e+00
44                                     9.9601289371819157e-01
45                                     3.9768953692513382e+00
46                                     9.9580743763139801e-01
47                                     3.9755949059698357e+00
48                                     9.9539423630378676e-01
49                                     3.9767138199967724e+00
50                                     9.9614832276518583e-01
51                                     3.9762675591935834e+00
52                                     9.9656159820520251e-01
53                                     3.9377049625653600e+00
54                                     2.1151587975384349e+00
55                                     3.1804212714391062e+00
56                                     9.5784556854650449e-01
57                                     3.9249982863717854e+00
58                                     9.9178531010181137e-01
59                                     3.9627152104170102e+00
60                                     9.9356957851178851e-01
61                                     9.9450631576600457e-01
62                                     3.9767642878376823e+00
63                                     3.9752285737657935e+00
64                                     9.9504215915467842e-01
65                                     3.9773540063663240e+00
66                                     9.9657986494035478e-01
67                                     3.9762092219019447e+00
68                                     9.9566890070543101e-01
69                                     3.9761595346567247e+00
70                                     9.9618860408057552e-01
71                                     3.9780899449417664e+00
72                                     9.9760034341115322e-01
73                                     3.9366488042507046e+00
74                                     2.0942239250813155e+00
75                                     3.1741310810063927e+00
76                                     9.5126515573114390e-01
77                                     3.8485861482158410e+00
78                                     9.7895607517798822e-01
79                                     3.9601350141697726e+00
80                                     9.9564116309541006e-01
81                                     9.9467245010838012e-01
82                                     9.9241179630834486e-01
83                                     3.0080930194014379e+00
84                                     2.1118671037883394e+00
   &FA [&Type "ArrayOfDoubles", &Dim (85,1)] "Mayer's free valence"
                                                         0

0                                      9.6776668024955825e-01
1                                      1.3559086776812979e-05
2                                     -5.0666191801645836e-04
3                                      8.4261282253478773e-03
4                                      1.7805520278438617e-03
5                                      2.9528415213764534e-05
6                                      1.3255145723365835e-05
7                                      2.6912914066398394e-04
8                                      6.5538548631564456e-06
9                                      5.6969496440447747e-05
10                                    -2.6557539898129423e-06
11                                     1.3422098201170149e-06
12                                     1.1094423082254429e-05
13                                     5.9675299468325247e-05
14                                     4.5247381666090164e-07
15                                     9.5509378856447280e-07
16                                     1.7938382729706533e-05
17                                     1.5290091951132500e-02
18                                     3.7675442569567444e-03
19                                     2.5185623054640649e-03
20                                     2.1663401747028742e-04
21                                     3.8328343445864001e-06
22                                     4.6660684898564868e-05
23                                     8.9736824039322898e-05
24                                    -1.1126437650933812e-08
25                                     3.5141795088523883e-05
26                                     2.5314020158444620e-06
27                                     1.5244042429451070e-06
28                                     1.8569316540675873e-07
29                                     1.7082223242261421e-05
30                                     2.7785530016018297e-06
31                                     5.1606470570830905e-08
32                                     6.6850403599851071e-10
33                                     1.4469625919296096e-05
34                                     1.5924377540070935e-05
35                                     3.6008523297314408e-06
36                                     1.9048212530055286e-07
37                                     4.2885351043777628e-07
38                                     9.7085722822862621e-08
39                                     8.9785522232914070e-08
40                                     2.4069859437075045e-09
41                                     7.6770353653012984e-10
42                                     2.0007329218930645e-08
43                                     3.8234926401995455e-09
44                                     5.0999878618016532e-10
45                                     3.8692687663557462e-10
46                                     2.0111958463091209e-11
47                                     2.4453431410637051e-09
48                                     3.2932948119454715e-12
49                                     7.4875003999953750e-10
50                                     2.9008640851815010e-10
51                                     6.8548615884811921e-09
52                                     7.0907035996789481e-10
53                                     1.5642996654940872e-06
54                                     2.6465726444971627e-06
55                                     7.0985402905130514e-06
56                                     9.2028303372828663e-07
57                                     6.3504648619656175e-06
58                                     6.0509386196277797e-06
59                                     2.2346195705044709e-05
60                                     1.2000855653466703e-07
61                                     8.6829844411569632e-07
62                                     5.7577542294437089e-06
63                                     1.1996329201014694e-06
64                                     3.3980287723285668e-08
65                                     1.4681736752163916e-06
66                                     2.6522923381983352e-08
67                                     6.7224237610833486e-07
68                                     3.0808352397148464e-08
69                                     2.1249036026224082e-06
70                                     6.4936290273377806e-08
71                                     6.6415975685267517e-06
72                                    -3.0031303679920192e-07
73                                     6.5054204690021087e-04
74                                     1.1659847078459979e-03
75                                     2.7472232264394107e-03
76                                     1.3025157485348931e-05
77                                     7.7920847490634979e-02
78                                     1.3130913386746138e-02
79                                     1.0340741106171052e-04
80                                     1.8190521454391123e-04
81                                     5.0252534335468841e-04
82                                     3.0607331927845998e-04
83                                     6.1988085356623790e-01
84                                     2.8335925193735445e-01
   &Method [&Type "String"] "CASSCF"
   &Level [&Type "String"] "Relaxed density"
   &Mult [&Type "Integer"] 1
   &State [&Type "Integer"] 0
   &Irrep [&Type "Integer"] 0
$End
$Single_Point_Data
   &GeometryIndex 1
   &FinalEnergy [&Type "Double"]      -1.8597003393497039e+03  "Final single point energy"
   &Converged [&Type "Boolean"] true
$End
$Calculation_Info
   &GeometryIndex 1
   &Mult [&Type "Integer"] 1
   &Charge [&Type "Integer"] 0
   &NumOfAtoms [&Type "Integer"] 85
   &NumOfElectrons [&Type "Integer"] 310
   &NumOfBasisFuncts [&Type "Integer"] 253
   &NumOfAuxCBasisFuncts [&Type "Integer"] 0
   &NumOfAuxJBasisFuncts [&Type "Integer"] 0
   &NumOfAuxJKBasisFuncts [&Type "Integer"] 0
   &NumOfCABSBasisFuncts [&Type "Integer"] 0
$End
$CASSCF_Dipole_Moment
   &GeometryIndex 1
   &dipoleMagnitude [&Type "Double", &Units "a.u."]       4.5389441544873534e+00
   &dipoleElecContrib [&Type "ArrayOfDoubles", &Dim (3,1)] "Electronic contribution"
                                                         0

0                                      1.0092193299993619e+01
1                                      6.9939021474424097e+00
2                                     -3.6263417483283803e+01
   &dipoleNucContrib [&Type "ArrayOfDoubles", &Dim (3,1)] "Nuclear contribution"
                                                         0

0                                     -9.7268935182626421e+00
1                                     -8.0257483968522223e+00
2                                      4.0668399143245750e+01
   &dipoleTotal [&Type "ArrayOfDoubles", &Dim (3,1)] "Total"
                                                         0

0                                      3.6529978173097710e-01
1                                     -1.0318462494098126e+00
2                                      4.4049816599619476e+00
   &doAtomicDipole [&Type "Boolean"] false
   &Method [&Type "String"] "CASSCF"
   &Level [&Type "String"] "Relaxed density"
   &Mult [&Type "Integer"] 1
   &State [&Type "Integer"] 0
   &Irrep [&Type "Integer"] 0
$End
$Calculation_Timings
   &GeometryIndex 1
   &GTOINT [&Type "Double"]       4.4641819999999992e+00
   &SCF [&Type "Double"]       9.2877199999999949e-01
   &CASSCF [&Type "Double"]       2.4857853900000001e+02
   &PROPINT [&Type "Double"]       5.8084900000000061e-01
   &PROP [&Type "Double"]       5.9440800000001559e-01
   &SUM [&Type "Double"]       2.5514675000000003e+02
$End
