*************************************************
******************* ORCA 6.1.0-f.0 ******************
*************************************************
$Calculation_Status
   &GeometryIndex 1
   &version [&Type "String"] "6.1.0-f.0"
   &progName [&Type "String"] "ProgCAS"
   &Status [&Type "String"] "NORMAL TERMINATION"
$End
$Geometry
   &GeometryIndex 1
   &NAtoms [&Type "Integer"] 85
   &NCorelessECP [&Type "Integer"] 0
   &NGhostAtoms [&Type "Integer"] 0
   &CartesianCoordinates [&Type "Coordinates", &Dim(85,4), &Units "Bohr"] 
              N    179.429496415823   76.023682367652   57.447674471206
              H    178.068893599400   74.700874073907   57.579955300581
              C    180.487743050819   76.533908423811   54.915441451752
              H    182.490852752775   76.155963197026   54.613085270324
              C    179.372804631805   74.549695983193   53.120201624526
              H    177.313003145831   74.568593244533   53.120201624526
              H    179.864133426625   72.716661633290   53.913886600773
              C    180.355462221444   74.493004199176   50.398995991680
              H    180.620023880193   76.269346765062   49.397441140702
              C    182.963284286256   73.359168518823   50.058845287574
              H    182.849900718220   71.337161555527   50.398995991680
              H    183.605791171789   73.737113745607   48.150221892313
              H    184.172709011965   74.322928847123   51.419448103997
              C    178.768092268950   72.924531508021   48.641550687133
              H    179.467290938501   72.716661633290   46.714030030533
              H    178.560222394219   71.072599896778   49.548619231415
              H    176.916160657708   73.774908268286   48.320297244366
              C    179.996414255999   79.255114056657   54.065064691487
              O    177.974407292703   79.859826419512   53.101304363187
              N    181.923934912599   80.918073054508   54.178448259522
              H    183.700277478485   80.275566168975   54.443009918271
              C    181.791654083224   83.525895119319   53.176893408544
              H    180.204284130731   83.620381426015   51.854085114799
              C    181.564886947154   85.491210298597   55.217797633179
              H    181.867243128581   87.418730955197   54.556393486307
              C    178.881475836986   85.623491127972   56.030379870765
              H    178.144482644756   83.866045823425   56.786270324334
              H    178.616914178237   86.927402160378   57.598852561920
              H    177.766537417972   86.398278842880   54.480804440950
              C    183.208948683665   85.151059594492   57.655544345937
              H    182.793208934203   86.549456933593   59.110633469057
              H    182.585339059471   83.431408812623   58.600407412898
              H    185.193161124283   85.113265071813   57.145318289779
              C    184.210503534644   84.281785572888   51.759598808103
              O    186.194715975261   83.242436199231   52.288722125601
              N    184.210503534644   86.303792536184   50.191126116948
              H    182.490852752775   87.059682989752   49.813180890164
              C    186.478174895349   87.380936432519   49.000598652578
              H    187.385243439631   85.623491127972   48.452578073741
              C    185.382133737675   88.798231032960   46.600646462498
              H    186.950606428829   89.516326963850   45.466810782145
              H    184.248298057322   90.442292769471   47.073077995978
              C    183.945941875895   87.078580251091   44.956584725987
              C    185.268750169640   85.415621253241   43.425906557510
              H    187.309654394274   85.547902082615   43.444803818850
              C    183.908147353216   83.771559516729   41.800742082338
              H    184.928599465534   82.429853961645   40.629111879307
              C    181.224736243048   83.601484164676   41.970817434391
              H    180.260975914748   82.033011473522   41.063748890109
              C    179.920825210642   85.472313037258   43.388112034832
              H    177.898818247347   85.604593866633   43.369214773493
              C    181.205838981709   87.173066557787   44.899892941969
              H    180.128695085374   88.476977590193   46.033728622322
              C    188.122236631861   88.949409123673   50.947016570517
              O    190.125346333817   89.818683145277   50.285612423645
              N    187.215168087578   89.365148873136   53.233585192562
              H    185.590003612406   88.439183067515   53.649324942024
              C    188.273414722574   91.330464052414   54.972133235769
              H    189.634017538998   92.558786039463   54.046167430148
              C    186.024640623208   92.936731266247   55.652434643981
              H    186.308099543296   94.183950514635   57.277599119153
              H    184.418373409375   91.972970937947   56.502811404245
              C    185.249852908300   94.637484786776   53.535941373989
              C    186.761633815437   96.867361624803   53.120201624526
              H    188.556873642662   97.207512328909   54.027270168809
              C    185.949051577851   98.454731577297   51.154886445248
              H    187.101784519543  100.079896052469   50.720249434446
              C    183.908147353216   97.736635646407   49.680900060790
              H    183.662482955806   98.983854894795   48.074632846957
              C    182.377469184740   95.601245115076   50.134434332931
              H    180.903482800281   95.166608104274   48.792728777847
              C    182.944387024916   94.259539559992   52.288722125601
              H    181.980626696617   92.520991516784   52.780050920421
              C    189.709606584354   90.083244804026   57.202010073796
              O    191.202490230152   91.406053097771   58.373640276827
              N    189.388353141588   87.569909045911   57.655544345937
              H    188.613565426680   86.738429546985   56.124866177461
              C    190.805647742029   86.171511706809   59.545270479859
              H    192.770962921307   86.776224069664   59.564167741198
              C    189.785195629711   86.795121331003   62.171989806009
              H    187.933264018468   85.925847309399   62.455448726097
              H    190.975723094082   85.888052786721   63.589284406450
              H    189.766298368372   88.779333771620   62.663318600829
              C    191.013517616760   83.299127983249   59.053941685039
              O    189.312764096231   82.165292302896   57.825619697990
$End
$CAS_SCF_Energies
   &GeometryIndex 1
   &finalEnergy [&Type "Double"]      -1.8596569657234377e+03  "Final GS or SA energy"
   &numOfElectrons [&Type "Integer"] 310
   &numOfActiveEl [&Type "Integer"] 4 "Number of active electrons"
   &numOfActiveOrbs [&Type "Integer"] 4 "Number of active orbitals"
   &numOfFCElectrons [&Type "Integer"] 0
   &Method [&Type "String"] "CASSCF"
   &totalEnergy [&Type "ArrayOfDoubles", &Dim (1,1)] "Total energy of each state"
                                                         0

0                                     -1.8596569657234377e+03
   &Mult [&Type "ArrayOfIntegers", &Dim (1,1)] "Multiplicity of each state"
                                                         0

0                                                        1
   &RelCorr [&Type "String"] "None" "Relativistic correction (SOC and/or SSC)"
   &NBlocks [&Type "Integer"] 1 "Number of multiplicity blocks"
   &NRoots [&Type "ArrayOfIntegers", &Dim (1,1)] "Number of roots in each block"
                                                         0

0                                                        1
   &NTotalRoots [&Type "Integer"] 1 "Total number of roots"
   &Block [&Type "ArrayOfIntegers", &Dim (1,1)] "Block index of each state"
                                                         0

0                                                        0
   &Root [&Type "ArrayOfIntegers", &Dim (1,1)] "Root index within the block"
                                                         0

0                                                        0
$End
$Mulliken_Population_Analysis
   &GeometryIndex 1
   &NAtoms [&Type "Integer"] 85
   &ATNO [&Type "ArrayOfIntegers", &Dim (85,1)] 
                                                         0

0                                                        7
1                                                        1
2                                                        6
3                                                        1
4                                                        6
5                                                        1
6                                                        1
7                                                        6
8                                                        1
9                                                        6
10                                                       1
11                                                       1
12                                                       1
13                                                       6
14                                                       1
15                                                       1
16                                                       1
17                                                       6
18                                                       8
19                                                       7
20                                                       1
21                                                       6
22                                                       1
23                                                       6
24                                                       1
25                                                       6
26                                                       1
27                                                       1
28                                                       1
29                                                       6
30                                                       1
31                                                       1
32                                                       1
33                                                       6
34                                                       8
35                                                       7
36                                                       1
37                                                       6
38                                                       1
39                                                       6
40                                                       1
41                                                       1
42                                                       6
43                                                       6
44                                                       1
45                                                       6
46                                                       1
47                                                       6
48                                                       1
49                                                       6
50                                                       1
51                                                       6
52                                                       1
53                                                       6
54                                                       8
55                                                       7
56                                                       1
57                                                       6
58                                                       1
59                                                       6
60                                                       1
61                                                       1
62                                                       6
63                                                       6
64                                                       1
65                                                       6
66                                                       1
67                                                       6
68                                                       1
69                                                       6
70                                                       1
71                                                       6
72                                                       1
73                                                       6
74                                                       8
75                                                       7
76                                                       1
77                                                       6
78                                                       1
79                                                       6
80                                                       1
81                                                       1
82                                                       1
83                                                       6
84                                                       8
   &AtomicCharges [&Type "ArrayOfDoubles", &Dim (85,1)] 
                                                         0

0                                     -2.4429836360920643e-01
1                                      1.5971860395743409e-01
2                                      5.9950769190386666e-03
3                                      7.7515444645853027e-02
4                                     -1.0586834302443737e-01
5                                      6.2290189109875937e-02
6                                      5.4354439006510935e-02
7                                     -3.1112524854526313e-02
8                                      5.2991069421119752e-02
9                                     -1.7392194748426704e-01
10                                     5.4453732570929780e-02
11                                     6.0858674686175673e-02
12                                     4.7969905300755622e-02
13                                    -1.7162119600747694e-01
14                                     5.7346475410032349e-02
15                                     4.9172344998155371e-02
16                                     5.1191502229723795e-02
17                                     3.0526405824337477e-01
18                                    -2.9252461348703385e-01
19                                    -3.6775720569969383e-01
20                                     2.1457697251595631e-01
21                                     4.9967597460081947e-02
22                                     8.7775796555376706e-02
23                                    -3.2822776945336862e-02
24                                     4.3409755488839963e-02
25                                    -1.7656991034324765e-01
26                                     6.7695559467711108e-02
27                                     5.2565275728235106e-02
28                                     5.2087352680849519e-02
29                                    -1.8055279209943276e-01
30                                     6.1323982825332579e-02
31                                     6.9655294055912975e-02
32                                     6.3087507287445943e-02
33                                     2.8798564591510978e-01
34                                    -3.0777141602020741e-01
35                                    -3.8360872168352511e-01
36                                     1.8784178394307616e-01
37                                     5.6926456398472602e-02
38                                     9.3597189664698988e-02
39                                    -1.1170992958128956e-01
40                                     7.6331359671283239e-02
41                                     6.7615055917664924e-02
42                                     1.3746939898481081e-02
43                                    -7.1141118956756344e-02
44                                     6.6543351308147480e-02
45                                    -5.3452325226819752e-02
46                                     6.3269353498823344e-02
47                                    -6.1594755229180009e-02
48                                     6.6639231571031465e-02
49                                    -6.3114688407796216e-02
50                                     6.5033290132086474e-02
51                                    -7.3863720057280702e-02
52                                     5.6098176873656813e-02
53                                     3.0589084554518564e-01
54                                    -2.9951914074177921e-01
55                                    -3.8604216389187229e-01
56                                     2.0468363037650472e-01
57                                     5.6835512361381291e-02
58                                     1.0960216276503187e-01
59                                    -1.1937469052120608e-01
60                                     7.2006365944689232e-02
61                                     6.2804425018628818e-02
62                                     1.6178282369538444e-02
63                                    -6.4918565898395286e-02
64                                     6.8778833224752089e-02
65                                    -6.2191835684893171e-02
66                                     6.5706871080640661e-02
67                                    -6.2343924057753242e-02
68                                     5.9151005313944127e-02
69                                    -6.5772945694186902e-02
70                                     6.9694116713606036e-02
71                                    -7.1212127701346439e-02
72                                     5.2540745529362942e-02
73                                     2.9659665844330174e-01
74                                    -2.8926614944635531e-01
75                                    -3.7938111831044452e-01
76                                     2.1265639196663355e-01
77                                     5.2546411875509236e-02
78                                     8.5620578793462410e-02
79                                    -1.7581707384898859e-01
80                                     6.5488673505976536e-02
81                                     6.4704402470761258e-02
82                                     8.4377137354074039e-02
83                                     1.5674881199584778e-01
84                                    -1.8636022349141257e-01
   &Method [&Type "String"] "CASSCF"
   &Level [&Type "String"] "Relaxed density"
   &Mult [&Type "Integer"] 1
   &State [&Type "Integer"] 0
   &Irrep [&Type "Integer"] 0
$End
$Loewdin_Population_Analysis
   &GeometryIndex 1
   &NAtoms [&Type "Integer"] 85
   &ATNO [&Type "ArrayOfIntegers", &Dim (85,1)] 
                                                         0

0                                                        7
1                                                        1
2                                                        6
3                                                        1
4                                                        6
5                                                        1
6                                                        1
7                                                        6
8                                                        1
9                                                        6
10                                                       1
11                                                       1
12                                                       1
13                                                       6
14                                                       1
15                                                       1
16                                                       1
17                                                       6
18                                                       8
19                                                       7
20                                                       1
21                                                       6
22                                                       1
23                                                       6
24                                                       1
25                                                       6
26                                                       1
27                                                       1
28                                                       1
29                                                       6
30                                                       1
31                                                       1
32                                                       1
33                                                       6
34                                                       8
35                                                       7
36                                                       1
37                                                       6
38                                                       1
39                                                       6
40                                                       1
41                                                       1
42                                                       6
43                                                       6
44                                                       1
45                                                       6
46                                                       1
47                                                       6
48                                                       1
49                                                       6
50                                                       1
51                                                       6
52                                                       1
53                                                       6
54                                                       8
55                                                       7
56                                                       1
57                                                       6
58                                                       1
59                                                       6
60                                                       1
61                                                       1
62                                                       6
63                                                       6
64                                                       1
65                                                       6
66                                                       1
67                                                       6
68                                                       1
69                                                       6
70                                                       1
71                                                       6
72                                                       1
73                                                       6
74                                                       8
75                                                       7
76                                                       1
77                                                       6
78                                                       1
79                                                       6
80                                                       1
81                                                       1
82                                                       1
83                                                       6
84                                                       8
   &AtomicCharges [&Type "ArrayOfDoubles", &Dim (85,1)] 
                                                         0

0                                     -1.6650277257847801e-01
1                                      1.0099061472425863e-01
2                                      2.2904862323133379e-02
3                                      4.1290107928897868e-02
4                                     -4.6601588680709405e-02
5                                      2.8885296289838047e-02
6                                      2.3258383446384201e-02
7                                      6.0657017790646250e-03
8                                      2.0789318413923841e-02
9                                     -8.8605801232850112e-02
10                                     2.4869474313074180e-02
11                                     3.0172016330040630e-02
12                                     2.0638186144604109e-02
13                                    -8.6645953311535351e-02
14                                     2.7434047515322524e-02
15                                     2.1198122792238316e-02
16                                     2.1864965324843610e-02
17                                     2.1835623663898573e-01
18                                    -2.4862714926877771e-01
19                                    -2.2014968471028329e-01
20                                     1.4540828950669238e-01
21                                     6.0097703432409944e-02
22                                     4.7249382888482905e-02
23                                     2.3260620451033276e-03
24                                     1.4294115364213211e-02
25                                    -9.0496797803520934e-02
26                                     3.5005321649054344e-02
27                                     2.3378307597798798e-02
28                                     2.3191006582363616e-02
29                                    -9.4035523021734235e-02
30                                     3.1098954302880899e-02
31                                     3.7343672947254158e-02
32                                     3.2847443577334157e-02
33                                     2.0188087256229803e-01
34                                    -2.6123699548969270e-01
35                                    -2.3827280544845486e-01
36                                     1.2540490808671734e-01
37                                     6.5233533879712979e-02
38                                     5.0894207705945327e-02
39                                    -4.5016122775368927e-02
40                                     4.1387797169450513e-02
41                                     3.3783504048824797e-02
42                                     1.7666446914498479e-02
43                                    -4.3512210883090319e-02
44                                     3.4008885556052970e-02
45                                    -1.9903371923114754e-02
46                                     3.0779964285271078e-02
47                                    -3.0804286846293216e-02
48                                     3.3904012040551601e-02
49                                    -2.8360594001810568e-02
50                                     3.1785229893294686e-02
51                                    -4.6880665235074837e-02
52                                     2.5875632285546790e-02
53                                     2.0746846006154662e-01
54                                    -2.5051060356087973e-01
55                                    -2.3598025853396454e-01
56                                     1.4005947694132281e-01
57                                     7.3018726986269655e-02
58                                     6.4702794504267303e-02
59                                    -5.6898775113817024e-02
60                                     3.8592041231683472e-02
61                                     3.0590083586951478e-02
62                                     1.7806998490057069e-02
63                                    -3.4721420347985088e-02
64                                     3.5604220879647430e-02
65                                    -2.8546232723641651e-02
66                                     3.2644358228136938e-02
67                                    -3.2309221129605881e-02
68                                     2.7423565582620490e-02
69                                    -3.1090880630613604e-02
70                                     3.6612400597262562e-02
71                                    -4.4422428035701955e-02
72                                     2.2964935034988088e-02
73                                     2.0741345941681910e-01
74                                    -2.4289306764166341e-01
75                                    -2.3459678286730679e-01
76                                     1.4528479368215530e-01
77                                     7.6211182366974661e-02
78                                     4.3182203574051670e-02
79                                    -8.7866870131468211e-02
80                                     3.3557096754778803e-02
81                                     3.3480403905410183e-02
82                                     4.8460087077838554e-02
83                                     7.9945306420373008e-02
84                                    -1.1309631968219591e-01
   &Method [&Type "String"] "CASSCF"
   &Level [&Type "String"] "Relaxed density"
   &Mult [&Type "Integer"] 1
   &State [&Type "Integer"] 0
   &Irrep [&Type "Integer"] 0
$End
$Mayer_Population_Analysis
   &GeometryIndex 1
   &NAtoms [&Type "Integer"] 85 "Total number of atoms"
   &NBondOrdersPrint [&Type "Integer"] 96 "The number of bond orders larger than threshold"
   &bondThresh [&Type "Double"]       1.0000000000000001e-01  "The threshold for printing"
   &components [&Type "ArrayOfIntegers", &Dim (96,4)] "The indices and atomic numbers of the bonding atoms"
                                                         0                           1                           2                           3

0                                                        0                           7                           1                           1
1                                                        0                           7                           2                           6
2                                                        2                           6                           3                           1
3                                                        2                           6                           4                           6
4                                                        2                           6                          17                           6
5                                                        4                           6                           5                           1
6                                                        4                           6                           6                           1
7                                                        4                           6                           7                           6
8                                                        7                           6                           8                           1
9                                                        7                           6                           9                           6
10                                                       7                           6                          13                           6
11                                                       9                           6                          10                           1
12                                                       9                           6                          11                           1
13                                                       9                           6                          12                           1
14                                                      13                           6                          14                           1
15                                                      13                           6                          15                           1
16                                                      13                           6                          16                           1
17                                                      17                           6                          18                           8
18                                                      17                           6                          19                           7
19                                                      18                           8                          19                           7
20                                                      19                           7                          20                           1
21                                                      19                           7                          21                           6
22                                                      21                           6                          22                           1
23                                                      21                           6                          23                           6
24                                                      21                           6                          33                           6
25                                                      23                           6                          24                           1
26                                                      23                           6                          25                           6
27                                                      23                           6                          29                           6
28                                                      25                           6                          26                           1
29                                                      25                           6                          27                           1
30                                                      25                           6                          28                           1
31                                                      29                           6                          30                           1
32                                                      29                           6                          31                           1
33                                                      29                           6                          32                           1
34                                                      33                           6                          34                           8
35                                                      33                           6                          35                           7
36                                                      34                           8                          35                           7
37                                                      35                           7                          36                           1
38                                                      35                           7                          37                           6
39                                                      37                           6                          38                           1
40                                                      37                           6                          39                           6
41                                                      37                           6                          53                           6
42                                                      39                           6                          40                           1
43                                                      39                           6                          41                           1
44                                                      39                           6                          42                           6
45                                                      42                           6                          43                           6
46                                                      42                           6                          47                           6
47                                                      42                           6                          51                           6
48                                                      43                           6                          44                           1
49                                                      43                           6                          45                           6
50                                                      43                           6                          49                           6
51                                                      45                           6                          46                           1
52                                                      45                           6                          47                           6
53                                                      45                           6                          51                           6
54                                                      47                           6                          48                           1
55                                                      47                           6                          49                           6
56                                                      49                           6                          50                           1
57                                                      49                           6                          51                           6
58                                                      51                           6                          52                           1
59                                                      53                           6                          54                           8
60                                                      53                           6                          55                           7
61                                                      54                           8                          55                           7
62                                                      55                           7                          56                           1
63                                                      55                           7                          57                           6
64                                                      57                           6                          58                           1
65                                                      57                           6                          59                           6
66                                                      57                           6                          73                           6
67                                                      59                           6                          60                           1
68                                                      59                           6                          61                           1
69                                                      59                           6                          62                           6
70                                                      62                           6                          63                           6
71                                                      62                           6                          67                           6
72                                                      62                           6                          71                           6
73                                                      63                           6                          64                           1
74                                                      63                           6                          65                           6
75                                                      63                           6                          69                           6
76                                                      65                           6                          66                           1
77                                                      65                           6                          67                           6
78                                                      65                           6                          71                           6
79                                                      67                           6                          68                           1
80                                                      67                           6                          69                           6
81                                                      69                           6                          70                           1
82                                                      69                           6                          71                           6
83                                                      71                           6                          72                           1
84                                                      73                           6                          74                           8
85                                                      73                           6                          75                           7
86                                                      74                           8                          75                           7
87                                                      75                           7                          76                           1
88                                                      75                           7                          77                           6
89                                                      77                           6                          78                           1
90                                                      77                           6                          79                           6
91                                                      77                           6                          83                           6
92                                                      79                           6                          80                           1
93                                                      79                           6                          81                           1
94                                                      79                           6                          82                           1
95                                                      83                           6                          84                           8
   &BondOrders [&Type "ArrayOfDoubles", &Dim (96,1)] "The bond orders"
                                                         0

0                                      9.4309064740103365e-01
1                                      9.8495782769255014e-01
2                                      9.5495800860615643e-01
3                                      9.7844903100834679e-01
4                                      9.2695212434469820e-01
5                                      9.7238368622854598e-01
6                                      9.7186569228282815e-01
7                                      9.8356669348533210e-01
8                                      9.6742488495243317e-01
9                                      9.9332796584133409e-01
10                                     9.9726512782107457e-01
11                                     9.8153468953292711e-01
12                                     9.8282819231487784e-01
13                                     9.8200199252533638e-01
14                                     9.8134971225029766e-01
15                                     9.8220697362104514e-01
16                                     9.8267083799574562e-01
17                                     1.8590656830488268e+00
18                                     1.0809278759255962e+00
19                                     1.5696688526798624e-01
20                                     9.0712395930956613e-01
21                                     9.5234103156514394e-01
22                                     9.5398068118164803e-01
23                                     9.6376379339321128e-01
24                                     9.2800163832113647e-01
25                                     9.6262055315681894e-01
26                                     9.9878756131881430e-01
27                                     9.8557992215395318e-01
28                                     9.7967691545683211e-01
29                                     9.8240443557475587e-01
30                                     9.8227685412296306e-01
31                                     9.8222325430351809e-01
32                                     9.8248333685712808e-01
33                                     9.7745454421018740e-01
34                                     1.8521965045679205e+00
35                                     1.0815989086016582e+00
36                                     1.5319566196976869e-01
37                                     9.1991026477632420e-01
38                                     9.2928886372966335e-01
39                                     9.5751065538602331e-01
40                                     9.5944550378225413e-01
41                                     9.0058043901862672e-01
42                                     9.6860826752873863e-01
43                                     9.7151890356481851e-01
44                                     1.0062131483844838e+00
45                                     1.4751230083217808e+00
46                                     1.1817103147501737e-01
47                                     1.3368430677810512e+00
48                                     9.6933239227298540e-01
49                                     1.3847793327811593e+00
50                                     1.0091289628727668e-01
51                                     9.7152907615015471e-01
52                                     1.4725384949908504e+00
53                                     1.1670540038220660e-01
54                                     9.7167267842809002e-01
55                                     1.3778373574602445e+00
56                                     9.7145050531522426e-01
57                                     1.5030928766181806e+00
58                                     9.7133047827781804e-01
59                                     1.8641155131640643e+00
60                                     1.0996376685322313e+00
61                                     1.5983891420204349e-01
62                                     9.0494425758975261e-01
63                                     9.2311936453576005e-01
64                                     9.5336000889841155e-01
65                                     9.7846415891397009e-01
66                                     9.1924845223427620e-01
67                                     9.6664569573139103e-01
68                                     9.7085245313903001e-01
69                                     9.9412210111124810e-01
70                                     1.4010944065433122e+00
71                                     1.1814980538986829e-01
72                                     1.4150401314328316e+00
73                                     9.7061093757399053e-01
74                                     1.4353934144903071e+00
75                                     1.2080623787466746e-01
76                                     9.7172776831130503e-01
77                                     1.4446890063150317e+00
78                                     1.0218396463283337e-01
79                                     9.7190644921222613e-01
80                                     1.4145121544856247e+00
81                                     9.7082001053782141e-01
82                                     1.4468488572084992e+00
83                                     9.6945288216882852e-01
84                                     1.8730541082408108e+00
85                                     1.0717732949287953e+00
86                                     1.4965422014792112e-01
87                                     9.0029751588716789e-01
88                                     9.4275775570327047e-01
89                                     9.5087173593210184e-01
90                                     9.7620981021518960e-01
91                                     9.1747984534778715e-01
92                                     9.8190691187334644e-01
93                                     9.8245877802405179e-01
94                                     9.7657007149579766e-01
95                                     2.0360602931109240e+00
   &ATNO [&Type "ArrayOfIntegers", &Dim (85,1)] "Atomic number of the elements"
                                                         0

0                                                        7
1                                                        1
2                                                        6
3                                                        1
4                                                        6
5                                                        1
6                                                        1
7                                                        6
8                                                        1
9                                                        6
10                                                       1
11                                                       1
12                                                       1
13                                                       6
14                                                       1
15                                                       1
16                                                       1
17                                                       6
18                                                       8
19                                                       7
20                                                       1
21                                                       6
22                                                       1
23                                                       6
24                                                       1
25                                                       6
26                                                       1
27                                                       1
28                                                       1
29                                                       6
30                                                       1
31                                                       1
32                                                       1
33                                                       6
34                                                       8
35                                                       7
36                                                       1
37                                                       6
38                                                       1
39                                                       6
40                                                       1
41                                                       1
42                                                       6
43                                                       6
44                                                       1
45                                                       6
46                                                       1
47                                                       6
48                                                       1
49                                                       6
50                                                       1
51                                                       6
52                                                       1
53                                                       6
54                                                       8
55                                                       7
56                                                       1
57                                                       6
58                                                       1
59                                                       6
60                                                       1
61                                                       1
62                                                       6
63                                                       6
64                                                       1
65                                                       6
66                                                       1
67                                                       6
68                                                       1
69                                                       6
70                                                       1
71                                                       6
72                                                       1
73                                                       6
74                                                       8
75                                                       7
76                                                       1
77                                                       6
78                                                       1
79                                                       6
80                                                       1
81                                                       1
82                                                       1
83                                                       6
84                                                       8
   &NA [&Type "ArrayOfDoubles", &Dim (85,1)] "Mulliken gross atomic population"
                                                         0

0                                      7.2442983636092046e+00
1                                      8.4028139604256569e-01
2                                      5.9940049230809640e+00
3                                      9.2248455535414764e-01
4                                      6.1058683430244400e+00
5                                      9.3770981089012395e-01
6                                      9.4564556099348895e-01
7                                      6.0311125248545343e+00
8                                      9.4700893057888014e-01
9                                      6.1739219474842644e+00
10                                     9.4554626742907000e-01
11                                     9.3914132531382422e-01
12                                     9.5203009469924493e-01
13                                     6.1716211960074796e+00
14                                     9.4265352458996765e-01
15                                     9.5082765500184474e-01
16                                     9.4880849777027620e-01
17                                     5.6947359417566190e+00
18                                     8.2925246134870285e+00
19                                     7.3677572056997001e+00
20                                     7.8542302748404402e-01
21                                     5.9500324025399189e+00
22                                     9.1222420344462318e-01
23                                     6.0328227769453315e+00
24                                     9.5659024451115948e-01
25                                     6.1765699103432441e+00
26                                     9.3230444053228845e-01
27                                     9.4743472427176445e-01
28                                     9.4791264731915004e-01
29                                     6.1805527920994274e+00
30                                     9.3867601717466742e-01
31                                     9.3034470594408758e-01
32                                     9.3691249271255428e-01
33                                     5.7120143540848867e+00
34                                     8.3077714160202092e+00
35                                     7.3836087216835224e+00
36                                     8.1215821605692473e-01
37                                     5.9430735436015301e+00
38                                     9.0640281033530079e-01
39                                     6.1117099295812851e+00
40                                     9.2366864032871687e-01
41                                     9.3238494408233463e-01
42                                     5.9862530601015260e+00
43                                     6.0711411189567510e+00
44                                     9.3345664869185241e-01
45                                     6.0534523252268242e+00
46                                     9.3673064650117654e-01
47                                     6.0615947552291827e+00
48                                     9.3336076842896842e-01
49                                     6.0631146884077909e+00
50                                     9.3496670986791408e-01
51                                     6.0738637200572745e+00
52                                     9.4390182312634308e-01
53                                     5.6941091544548197e+00
54                                     8.2995191407417828e+00
55                                     7.3860421638918679e+00
56                                     7.9531636962349561e-01
57                                     5.9431644876386249e+00
58                                     8.9039783723496824e-01
59                                     6.1193746905212070e+00
60                                     9.2799363405531055e-01
61                                     9.3719557498137118e-01
62                                     5.9838217176304527e+00
63                                     6.0649185658983980e+00
64                                     9.3122116677524791e-01
65                                     6.0621918356848985e+00
66                                     9.3429312891935923e-01
67                                     6.0623439240577595e+00
68                                     9.4084899468605565e-01
69                                     6.0657729456941949e+00
70                                     9.3030588328639408e-01
71                                     6.0712121277013509e+00
72                                     9.4745925447063684e-01
73                                     5.7034033415567027e+00
74                                     8.2892661494463571e+00
75                                     7.3793811183104507e+00
76                                     7.8734360803336612e-01
77                                     5.9474535881244899e+00
78                                     9.1437942120653770e-01
79                                     6.1758170738489877e+00
80                                     9.3451132649402358e-01
81                                     9.3529559752923863e-01
82                                     9.1562286264592607e-01
83                                     5.8432511880041558e+00
84                                     8.1863602234914179e+00
   &ZA [&Type "ArrayOfDoubles", &Dim (85,1)] "Total nuclear charge"
                                                         0

0                                      7.0000000000000000e+00
1                                      1.0000000000000000e+00
2                                      6.0000000000000000e+00
3                                      1.0000000000000000e+00
4                                      6.0000000000000000e+00
5                                      1.0000000000000000e+00
6                                      1.0000000000000000e+00
7                                      6.0000000000000000e+00
8                                      1.0000000000000000e+00
9                                      6.0000000000000000e+00
10                                     1.0000000000000000e+00
11                                     1.0000000000000000e+00
12                                     1.0000000000000000e+00
13                                     6.0000000000000000e+00
14                                     1.0000000000000000e+00
15                                     1.0000000000000000e+00
16                                     1.0000000000000000e+00
17                                     6.0000000000000000e+00
18                                     8.0000000000000000e+00
19                                     7.0000000000000000e+00
20                                     1.0000000000000000e+00
21                                     6.0000000000000000e+00
22                                     1.0000000000000000e+00
23                                     6.0000000000000000e+00
24                                     1.0000000000000000e+00
25                                     6.0000000000000000e+00
26                                     1.0000000000000000e+00
27                                     1.0000000000000000e+00
28                                     1.0000000000000000e+00
29                                     6.0000000000000000e+00
30                                     1.0000000000000000e+00
31                                     1.0000000000000000e+00
32                                     1.0000000000000000e+00
33                                     6.0000000000000000e+00
34                                     8.0000000000000000e+00
35                                     7.0000000000000000e+00
36                                     1.0000000000000000e+00
37                                     6.0000000000000000e+00
38                                     1.0000000000000000e+00
39                                     6.0000000000000000e+00
40                                     1.0000000000000000e+00
41                                     1.0000000000000000e+00
42                                     6.0000000000000000e+00
43                                     6.0000000000000000e+00
44                                     1.0000000000000000e+00
45                                     6.0000000000000000e+00
46                                     1.0000000000000000e+00
47                                     6.0000000000000000e+00
48                                     1.0000000000000000e+00
49                                     6.0000000000000000e+00
50                                     1.0000000000000000e+00
51                                     6.0000000000000000e+00
52                                     1.0000000000000000e+00
53                                     6.0000000000000000e+00
54                                     8.0000000000000000e+00
55                                     7.0000000000000000e+00
56                                     1.0000000000000000e+00
57                                     6.0000000000000000e+00
58                                     1.0000000000000000e+00
59                                     6.0000000000000000e+00
60                                     1.0000000000000000e+00
61                                     1.0000000000000000e+00
62                                     6.0000000000000000e+00
63                                     6.0000000000000000e+00
64                                     1.0000000000000000e+00
65                                     6.0000000000000000e+00
66                                     1.0000000000000000e+00
67                                     6.0000000000000000e+00
68                                     1.0000000000000000e+00
69                                     6.0000000000000000e+00
70                                     1.0000000000000000e+00
71                                     6.0000000000000000e+00
72                                     1.0000000000000000e+00
73                                     6.0000000000000000e+00
74                                     8.0000000000000000e+00
75                                     7.0000000000000000e+00
76                                     1.0000000000000000e+00
77                                     6.0000000000000000e+00
78                                     1.0000000000000000e+00
79                                     6.0000000000000000e+00
80                                     1.0000000000000000e+00
81                                     1.0000000000000000e+00
82                                     1.0000000000000000e+00
83                                     6.0000000000000000e+00
84                                     8.0000000000000000e+00
   &QA [&Type "ArrayOfDoubles", &Dim (85,1)] "Mulliken gross atomic charge"
                                                         0

0                                     -2.4429836360920465e-01
1                                      1.5971860395743431e-01
2                                      5.9950769190360020e-03
3                                      7.7515444645852360e-02
4                                     -1.0586834302444004e-01
5                                      6.2290189109876049e-02
6                                      5.4354439006511046e-02
7                                     -3.1112524854534307e-02
8                                      5.2991069421119863e-02
9                                     -1.7392194748426437e-01
10                                     5.4453732570930002e-02
11                                     6.0858674686175784e-02
12                                     4.7969905300755067e-02
13                                    -1.7162119600747960e-01
14                                     5.7346475410032349e-02
15                                     4.9172344998155260e-02
16                                     5.1191502229723795e-02
17                                     3.0526405824338099e-01
18                                    -2.9252461348702852e-01
19                                    -3.6775720569970005e-01
20                                     2.1457697251595598e-01
21                                     4.9967597460081059e-02
22                                     8.7775796555376817e-02
23                                    -3.2822776945331533e-02
24                                     4.3409755488840518e-02
25                                    -1.7656991034324410e-01
26                                     6.7695559467711552e-02
27                                     5.2565275728235550e-02
28                                     5.2087352680849963e-02
29                                    -1.8055279209942743e-01
30                                     6.1323982825332579e-02
31                                     6.9655294055912420e-02
32                                     6.3087507287445721e-02
33                                     2.8798564591511333e-01
34                                    -3.0777141602020919e-01
35                                    -3.8360872168352245e-01
36                                     1.8784178394307527e-01
37                                     5.6926456398469938e-02
38                                     9.3597189664699210e-02
39                                    -1.1170992958128512e-01
40                                     7.6331359671283128e-02
41                                     6.7615055917665368e-02
42                                     1.3746939898473975e-02
43                                    -7.1141118956751015e-02
44                                     6.6543351308147591e-02
45                                    -5.3452325226824193e-02
46                                     6.3269353498823455e-02
47                                    -6.1594755229182674e-02
48                                     6.6639231571031576e-02
49                                    -6.3114688407790887e-02
50                                     6.5033290132085919e-02
51                                    -7.3863720057274485e-02
52                                     5.6098176873656924e-02
53                                     3.0589084554518031e-01
54                                    -2.9951914074178276e-01
55                                    -3.8604216389186785e-01
56                                     2.0468363037650439e-01
57                                     5.6835512361375073e-02
58                                     1.0960216276503176e-01
59                                    -1.1937469052120697e-01
60                                     7.2006365944689454e-02
61                                     6.2804425018628818e-02
62                                     1.6178282369547325e-02
63                                    -6.4918565898397951e-02
64                                     6.8778833224752089e-02
65                                    -6.2191835684898500e-02
66                                     6.5706871080640772e-02
67                                    -6.2343924057759459e-02
68                                     5.9151005313944349e-02
69                                    -6.5772945694194895e-02
70                                     6.9694116713605925e-02
71                                    -7.1212127701350880e-02
72                                     5.2540745529363164e-02
73                                     2.9659665844329730e-01
74                                    -2.8926614944635709e-01
75                                    -3.7938111831045074e-01
76                                     2.1265639196663388e-01
77                                     5.2546411875510124e-02
78                                     8.5620578793462299e-02
79                                    -1.7581707384898770e-01
80                                     6.5488673505976425e-02
81                                     6.4704402470761369e-02
82                                     8.4377137354073928e-02
83                                     1.5674881199584423e-01
84                                    -1.8636022349141790e-01
   &VA [&Type "ArrayOfDoubles", &Dim (85,1)] "Mayer's total valence"
                                                         0

0                                      2.9415679701787329e+00
1                                      9.7448996754988826e-01
2                                      3.9529681188027137e+00
3                                      9.9399135584135578e-01
4                                      3.9635449907298561e+00
5                                      9.9611993234065588e-01
6                                      9.9704559496028744e-01
7                                      3.9703506182111266e+00
8                                      9.9719194656160604e-01
9                                      3.9681604088193025e+00
10                                     9.9703479100909365e-01
11                                     9.9629622171544219e-01
12                                     9.9769888818543662e-01
13                                     3.9682054962139270e+00
14                                     9.9671138175804652e-01
15                                     9.9758208048738239e-01
16                                     9.9737943009946417e-01
17                                     3.9314321297335950e+00
18                                     2.1133415916459124e+00
19                                     3.1642098311683906e+00
20                                     9.5395672286588662e-01
21                                     3.9361837732818254e+00
22                                     9.9229540953906914e-01
23                                     3.9692010433012124e+00
24                                     9.9811559312839904e-01
25                                     3.9680203920613684e+00
26                                     9.9541731122835353e-01
27                                     9.9723689178761454e-01
28                                     9.9728690769070072e-01
29                                     3.9614486011874570e+00
30                                     9.9623936913043831e-01
31                                     9.9514814000998442e-01
32                                     9.9601996642425650e-01
33                                     3.9296933266686174e+00
34                                     2.1124563112169055e+00
35                                     3.1577615194269124e+00
36                                     9.6471546420508303e-01
37                                     3.9013336278697630e+00
38                                     9.9123956608687036e-01
39                                     3.9615266362075530e+00
40                                     9.9417352353073318e-01
41                                     9.9542820421325096e-01
42                                     3.9778248022818534e+00
43                                     3.9747539834824832e+00
44                                     9.9557198239668043e-01
45                                     3.9715050119597657e+00
46                                     9.9599698890784094e-01
47                                     3.9719417450365264e+00
48                                     9.9555921281562243e-01
49                                     3.9774634659262271e+00
50                                     9.9577067117459594e-01
51                                     3.9735203427213941e+00
52                                     9.9685299455145193e-01
53                                     3.9319684670016413e+00
54                                     2.1251818768545285e+00
55                                     3.1747324030654891e+00
56                                     9.5810461145589454e-01
57                                     3.9124935589749974e+00
58                                     9.8798736591722747e-01
59                                     3.9665369933683703e+00
60                                     9.9481508326343948e-01
61                                     9.9605560419807948e-01
62                                     3.9721578368502013e+00
63                                     3.9704535137811816e+00
64                                     9.9526947210024175e-01
65                                     3.9774433295297018e+00
66                                     9.9568260709279210e-01
67                                     3.9780250468833138e+00
68                                     9.9650115857034971e-01
69                                     3.9772359646456006e+00
70                                     9.9514273009551024e-01
71                                     3.9750097149632153e+00
72                                     9.9723947005921876e-01
73                                     3.9305910194922400e+00
74                                     2.1154208746130099e+00
75                                     3.1454712053083433e+00
76                                     9.5477725895573340e-01
77                                     3.9279824666725141e+00
78                                     9.9266911648707257e-01
79                                     3.9599512984693654e+00
80                                     9.9571123364242764e-01
81                                     9.9581334030090174e-01
82                                     9.9288049869193173e-01
83                                     3.5459865230415080e+00
84                                     2.4343534087642360e+00
   &BVA [&Type "ArrayOfDoubles", &Dim (85,1)] "Mayer's bonded valence"
                                                         0

0                                      1.9701098913145323e+00
1                                      9.7448879060976279e-01
2                                      3.9535596215862840e+00
3                                      9.8134245375794105e-01
4                                      3.9631191189520507e+00
5                                      9.9608186871139703e-01
6                                      9.9704419023253443e-01
7                                      3.9703229728820211e+00
8                                      9.9717599043075578e-01
9                                      3.9680521647672409e+00
10                                     9.9702994679743928e-01
11                                     9.9628641710658972e-01
12                                     9.9770448776220044e-01
13                                     3.9682028052539122e+00
14                                     9.9671036027488646e-01
15                                     9.9758172348024388e-01
16                                     9.9737939635109540e-01
17                                     3.9200071590641965e+00
18                                     2.1100491293004215e+00
19                                     3.1635154399807748e+00
20                                     9.5392189530369920e-01
21                                     3.9358515920713488e+00
22                                     9.9228366620618569e-01
23                                     3.9691817082593217e+00
24                                     9.9810430574054176e-01
25                                     3.9680159163939090e+00
26                                     9.9541682557858879e-01
27                                     9.9723676339807810e-01
28                                     9.9728559876269529e-01
29                                     3.9612303298550229e+00
30                                     9.9623403822271051e-01
31                                     9.9514741699835330e-01
32                                     9.9599721013899789e-01
33                                     3.9296709657843505e+00
34                                     2.1124504396424455e+00
35                                     3.1577522202799040e+00
36                                     9.6471544145251065e-01
37                                     3.9013305790557120e+00
38                                     9.9123920876873761e-01
39                                     3.9615262060867131e+00
40                                     9.9417338348789186e-01
41                                     9.9542819536433835e-01
42                                     3.9778247908960624e+00
43                                     3.9747539721792053e+00
44                                     9.9557198231760036e-01
45                                     3.9715050098021347e+00
46                                     9.9599698883531995e-01
47                                     3.9719417376068442e+00
48                                     9.9555921278214166e-01
49                                     3.9774634656713910e+00
50                                     9.9577067117154627e-01
51                                     3.9735203336913281e+00
52                                     9.9685299440154462e-01
53                                     3.9319617348775591e+00
54                                     2.1251685283758452e+00
55                                     3.1746842659983026e+00
56                                     9.5810319126698396e-01
57                                     3.9115726557138331e+00
58                                     9.8791226760486817e-01
59                                     3.9665204608381277e+00
60                                     9.9481122249580789e-01
61                                     9.9605343702556493e-01
62                                     3.9721378337368471e+00
63                                     3.9704500112294987e+00
64                                     9.9526936012558087e-01
65                                     3.9774428996931999e+00
66                                     9.9568257281445816e-01
67                                     3.9780225473540272e+00
68                                     9.9650115777325932e-01
69                                     3.9772348924941228e+00
70                                     9.9514253030918931e-01
71                                     3.9750036728989491e+00
72                                     9.9723931898673934e-01
73                                     3.9284523660572113e+00
74                                     2.1150032941766930e+00
75                                     3.1368144799190363e+00
76                                     9.5429436803326373e-01
77                                     3.8512796915374370e+00
78                                     9.9217979621601049e-01
79                                     3.9587073788897764e+00
80                                     9.9550651149291391e-01
81                                     9.9570481554568491e-01
82                                     9.9191991178289629e-01
83                                     2.9883947821822310e+00
84                                     2.0847363468344193e+00
   &FA [&Type "ArrayOfDoubles", &Dim (85,1)] "Mayer's free valence"
                                                         0

0                                      9.7145807886420066e-01
1                                      1.1769401254246433e-06
2                                     -5.9150278357030742e-04
3                                      1.2648902083414765e-02
4                                      4.2587177780548433e-04
5                                      3.8063629258847948e-05
6                                      1.4047277530202145e-06
7                                      2.7645329105416690e-05
8                                      1.5956130850308640e-05
9                                      1.0824405206166125e-04
10                                     4.8442116544171589e-06
11                                     9.8046088524654739e-06
12                                    -5.5995767638164926e-06
13                                     2.6909600145994102e-06
14                                     1.0214831600508914e-06
15                                     3.5700713853229857e-07
16                                     3.3748368711988026e-08
17                                     1.1424970669398675e-02
18                                     3.2924623454907661e-03
19                                     6.9439118761586321e-04
20                                     3.4827562187459343e-05
21                                     3.3218121047679352e-04
22                                     1.1743332883435470e-05
23                                     1.9335041890603396e-05
24                                     1.1287387857309916e-05
25                                     4.4756674592572405e-06
26                                     4.8564976473323317e-07
27                                     1.2838953641054719e-07
28                                     1.3089280054570460e-06
29                                     2.1827133243430645e-04
30                                     5.3309077278449652e-06
31                                     7.2301163108433912e-07
32                                     2.2756285258559040e-05
33                                     2.2360884266876491e-05
34                                     5.8715744598601489e-06
35                                     9.2991470084089050e-06
36                                     2.2752572418737555e-08
37                                     3.0488140511421387e-06
38                                     3.5731813269754526e-07
39                                     4.3012083984912725e-07
40                                     1.4004284135661332e-07
41                                     8.8489125996376955e-09
42                                     1.1385790988526948e-08
43                                     1.1303277714136390e-08
44                                     7.9080060287263796e-11
45                                     2.1576307828353910e-09
46                                     7.2520961852324271e-11
47                                     7.4296822325940849e-09
48                                     3.3480728570395288e-11
49                                     2.5483613791774134e-10
50                                     3.0496163812380832e-12
51                                     9.0300658617072766e-09
52                                     1.4990729295071858e-10
53                                     6.7321240821754224e-06
54                                     1.3348478683151180e-05
55                                     4.8137067186316959e-05
56                                     1.4201889105664702e-06
57                                     9.2090326116420608e-04
58                                     7.5098312359309972e-05
59                                     1.6532530242446874e-05
60                                     3.8607676315780834e-06
61                                     2.1671725145533139e-06
62                                     2.0003113354054358e-05
63                                     3.5025516830465033e-06
64                                     1.1197466085089046e-07
65                                     4.2983650176936670e-07
66                                     3.4278333898763924e-08
67                                     2.4995292865910703e-06
68                                     7.9709037662364036e-10
69                                     1.0721514776333987e-06
70                                     1.9978632092023974e-07
71                                     6.0420642661132855e-06
72                                     1.5107247939751567e-07
73                                     2.1386534350286792e-03
74                                     4.1758043631700230e-04
75                                     8.6567253893070004e-03
76                                     4.8289092246965527e-04
77                                     7.6702775135077117e-02
78                                     4.8932027106203188e-04
79                                     1.2439195795890690e-03
80                                     2.0472214951368882e-04
81                                     1.0852475521684858e-04
82                                     9.6058690903542228e-04
83                                     5.5759174085927699e-01
84                                     3.4961706192981667e-01
   &Method [&Type "String"] "CASSCF"
   &Level [&Type "String"] "Relaxed density"
   &Mult [&Type "Integer"] 1
   &State [&Type "Integer"] 0
   &Irrep [&Type "Integer"] 0
$End
$Single_Point_Data
   &GeometryIndex 1
   &FinalEnergy [&Type "Double"]      -1.8596569657234377e+03  "Final single point energy"
   &Converged [&Type "Boolean"] true
$End
$Calculation_Info
   &GeometryIndex 1
   &Mult [&Type "Integer"] 1
   &Charge [&Type "Integer"] 0
   &NumOfAtoms [&Type "Integer"] 85
   &NumOfElectrons [&Type "Integer"] 310
   &NumOfBasisFuncts [&Type "Integer"] 253
   &NumOfAuxCBasisFuncts [&Type "Integer"] 0
   &NumOfAuxJBasisFuncts [&Type "Integer"] 0
   &NumOfAuxJKBasisFuncts [&Type "Integer"] 0
   &NumOfCABSBasisFuncts [&Type "Integer"] 0
$End
$CASSCF_Dipole_Moment
   &GeometryIndex 1
   &dipoleMagnitude [&Type "Double", &Units "a.u."]       1.1347192853098194e+00
   &dipoleElecContrib [&Type "ArrayOfDoubles", &Dim (3,1)] "Electronic contribution"
                                                         0

0                                      2.2187488256361792e+01
1                                      2.4866138897756851e+01
2                                     -1.0071208216584751e+00
   &dipoleNucContrib [&Type "ArrayOfDoubles", &Dim (3,1)] "Nuclear contribution"
                                                         0

0                                     -2.3179411257175730e+01
1                                     -2.4926861515046340e+01
2                                      4.5940795832603953e-01
   &dipoleTotal [&Type "ArrayOfDoubles", &Dim (3,1)] "Total"
                                                         0

0                                     -9.9192300081393725e-01
1                                     -6.0722617289489023e-02
2                                     -5.4771286333243552e-01
   &doAtomicDipole [&Type "Boolean"] false
   &Method [&Type "String"] "CASSCF"
   &Level [&Type "String"] "Relaxed density"
   &Mult [&Type "Integer"] 1
   &State [&Type "Integer"] 0
   &Irrep [&Type "Integer"] 0
$End
$Calculation_Timings
   &GeometryIndex 1
   &GTOINT [&Type "Double"]       4.3637540000000001e+00
   &SCF [&Type "Double"]       9.6974800000000005e-01
   &CASSCF [&Type "Double"]       2.3999389300000001e+02
   &PROPINT [&Type "Double"]       5.7514299999999707e-01
   &PROP [&Type "Double"]       5.3861200000000053e-01
   &SUM [&Type "Double"]       2.4644115000000002e+02
$End
