*************************************************
******************* ORCA 6.1.0-f.0 ******************
*************************************************
$Calculation_Status
   &GeometryIndex 1
   &version [&Type "String"] "6.1.0-f.0"
   &progName [&Type "String"] "LeanSCF"
   &Status [&Type "String"] "NORMAL TERMINATION"
$End
$Geometry
   &GeometryIndex 1
   &NAtoms [&Type "Integer"] 85
   &NCorelessECP [&Type "Integer"] 0
   &NGhostAtoms [&Type "Integer"] 0
   &CartesianCoordinates [&Type "Coordinates", &Dim(85,4), &Units "Bohr"] 
              N     81.768449814773   46.543954678480  103.538094877545
              H     81.522785417363   46.714030030533  105.427821011467
              C     79.670853806120   46.789619075890  101.818444095677
              H     79.727545590138   45.202249123396  100.514533063271
              C     77.157518048005   46.317187542410  103.160149650761
              H     77.006339957291   47.639995836155  104.709725080577
              H     77.119723525326   44.484153192506  104.105012717722
              C     74.870949425960   46.071523145000  101.402704346214
              H     74.814257641942   47.810071188208  100.287765927201
              C     74.946538471317   43.860543568312   99.569669996311
              H     76.401627594436   44.200694272418   98.133478134531
              H     75.589045356850   42.140892786444  100.514533063271
              H     73.113504121413   43.577084648224   98.700395974707
              C     72.452099974541   45.939242315626  102.971177037369
              H     72.206435577131   44.049516181704  103.708170229598
              H     72.452099974541   47.375434177406  104.445163421828
              H     70.883627283386   46.203803974375  101.667266004963
              C     79.595264760763   49.321852095345  100.457841279254
              O     78.896066091212   49.567516492754   98.246861702566
              N     80.691305918437   51.230475490605  101.686163266303
              H     81.125942929239   51.041502877213  103.538094877545
              C     81.258223758614   53.668222203364  100.590122108628
              H     79.444086670049   54.631982531663  100.514533063271
              C     83.034566324500   55.123311326483  102.328670151836
              H     81.995216950843   55.142208587822  104.123909979061
              C     85.510107559937   53.762708510060  102.895587992012
              H     86.152614445470   54.499701702289  104.709725080577
              H     85.264443162527   51.759598808103  103.330225002814
              H     86.757326808325   53.838297555416  101.270423516840
              C     83.469203335302   57.806722436651  101.383807084875
              H     84.319580095566   58.978352639682  102.838896207995
              H     84.414066402262   58.090181356739   99.569669996311
              H     81.711758030755   58.864969071647  101.100348164787
              C     82.373162177627   53.630427680685   97.944505521138
              O     81.579477201380   55.047722281126   96.281546523288
              N     84.206196527531   51.986365944174   97.396484942301
              H     84.716422583690   50.814735741142   98.813779542742
              C     85.434518514580   51.608420717389   94.977635490882
              H     86.360484320201   53.384763283275   94.524101218741
              C     87.721087136625   49.907667196860   95.317786194988
              H     86.757326808325   48.169119153653   95.903601296504
              H     88.911614600995   50.644660389090   96.829567102125
              C     89.176176259744   49.435235663380   92.917834004908
              C     90.347806462775   51.381653581319   91.557231188485
              H     89.913169451973   53.290276976579   92.124149028661
              C     91.708409279198   50.909222047839   89.346251611797
              H     92.615477823481   52.439900216315   88.344696760819
              C     91.802895585894   48.471475335080   88.306902238140
              H     92.880039482230   48.112427369635   86.625045978950
              C     90.669059905542   46.506160155802   89.686402315903
              H     90.536779076167   44.578639499202   88.987203646352
              C     89.365148873136   46.978591689282   91.916279153930
              H     88.363594022158   45.504605304824   92.936731266247
              C     83.677073210033   50.909222047839   92.804450436873
              O     83.941634868782   52.024160466852   90.782443473577
              N     81.768449814773   49.359646618023   93.390265538388
              H     81.541682678702   48.868317823204   95.204402626953
              C     79.840929158173   48.301399983027   91.746203801877
              H     80.785792225134   47.866762972225   89.969861235991
              C     78.669298955142   45.939242315626   92.917834004908
              H     77.176415309344   45.277838168753   91.670614756520
              H     77.970100285591   46.430571110445   94.788662877490
              C     80.559025089063   43.841646306973   93.371368277049
              C     80.615716873081   41.895228389034   91.557231188485
              H     79.538572976745   41.800742082338   89.837580406616
              C     82.429853961645   40.005502255113   91.840690108573
              H     82.354264916288   38.474824086637   90.498984553489
              C     84.225093788870   39.929913209756   93.806005287851
              H     85.547902082615   38.399235041280   94.032772423921
              C     84.168402004853   41.895228389034   95.563450592398
              H     85.547902082615   42.140892786444   97.056334238195
              C     82.448751222984   43.879440829651   95.204402626953
              H     82.732210143072   45.429016259467   96.489416398019
              C     77.818922194877   50.285612423645   91.235977745718
              O     76.685086514524   50.115537071592   89.213970782422
              N     77.497668752111   52.250927602923   92.785553175533
              H     78.480326341750   52.099749512209   94.410717650706
              C     76.118168674348   54.480804440950   91.972970937947
              H     74.417415153819   53.781605771399   91.028107870987
              C     75.324483698101   55.992585348087   94.278436821331
              H     74.209545279088   57.561058039241   93.522546367763
              H     74.039469927035   54.820955145056   95.374477979006
              H     77.025237218630   56.597297710941   95.279991672310
              C     77.535463274789   56.068174393444   90.045450281348
              O     76.741778298542   56.238249745496   87.872265227338
$End
$SCF_Mulliken_Population_Analysis
   &GeometryIndex 1
   &NAtoms [&Type "Integer"] 85
   &ATNO [&Type "ArrayOfIntegers", &Dim (85,1)] 
                                                         0

0                                                        7
1                                                        1
2                                                        6
3                                                        1
4                                                        6
5                                                        1
6                                                        1
7                                                        6
8                                                        1
9                                                        6
10                                                       1
11                                                       1
12                                                       1
13                                                       6
14                                                       1
15                                                       1
16                                                       1
17                                                       6
18                                                       8
19                                                       7
20                                                       1
21                                                       6
22                                                       1
23                                                       6
24                                                       1
25                                                       6
26                                                       1
27                                                       1
28                                                       1
29                                                       6
30                                                       1
31                                                       1
32                                                       1
33                                                       6
34                                                       8
35                                                       7
36                                                       1
37                                                       6
38                                                       1
39                                                       6
40                                                       1
41                                                       1
42                                                       6
43                                                       6
44                                                       1
45                                                       6
46                                                       1
47                                                       6
48                                                       1
49                                                       6
50                                                       1
51                                                       6
52                                                       1
53                                                       6
54                                                       8
55                                                       7
56                                                       1
57                                                       6
58                                                       1
59                                                       6
60                                                       1
61                                                       1
62                                                       6
63                                                       6
64                                                       1
65                                                       6
66                                                       1
67                                                       6
68                                                       1
69                                                       6
70                                                       1
71                                                       6
72                                                       1
73                                                       6
74                                                       8
75                                                       7
76                                                       1
77                                                       6
78                                                       1
79                                                       6
80                                                       1
81                                                       1
82                                                       1
83                                                       6
84                                                       8
   &AtomicCharges [&Type "ArrayOfDoubles", &Dim (85,1)] 
                                                         0

0                                     -3.2522509799761501e-01
1                                      8.2714026602658031e-02
2                                      9.5446012795502355e-02
3                                      1.3904562666291476e-03
4                                      3.9073948371820322e-02
5                                     -4.0787882291585476e-02
6                                     -1.2292652797425641e-02
7                                     -1.2530124615341798e-01
8                                     -7.3356410734741750e-03
9                                      5.0057888496592540e-02
10                                     2.1006500344494916e-02
11                                    -3.0863436094215047e-03
12                                     5.8962246134670604e-03
13                                     7.6461013097216757e-02
14                                    -4.0508714622786712e-03
15                                    -1.7099907488595800e-03
16                                    -3.1982453383379017e-03
17                                     1.0711038015245844e-01
18                                    -3.0674580676796026e-01
19                                    -8.0003617780513459e-02
20                                     1.0615327354583615e-01
21                                     1.7504328948715830e-01
22                                    -9.6060753850135683e-04
23                                    -1.6019085986347470e-01
24                                    -7.0823012325145207e-03
25                                     4.4764198049911386e-02
26                                     1.8559562044213829e-02
27                                     3.9691297763360112e-03
28                                     1.9653624892014721e-02
29                                     8.1607023288240654e-02
30                                     3.2353714575534820e-03
31                                     3.6534443193927180e-02
32                                    -2.5763531164568754e-03
33                                     5.0503437249791006e-02
34                                    -2.8093397154861321e-01
35                                    -1.3432501675671915e-01
36                                     1.2678745065218289e-01
37                                     9.9925341355381114e-02
38                                     1.1203167236171430e-02
39                                     1.2792639926336502e-01
40                                    -2.3249908501064009e-02
41                                     2.1223624427417542e-02
42                                    -3.5269742618905475e-02
43                                     1.6120395878290950e-02
44                                    -2.9316653442611917e-02
45                                     2.3092823846728727e-02
46                                    -2.1760819841245116e-02
47                                     3.8667118883899398e-02
48                                    -2.1876235418535339e-02
49                                     3.4055003923041838e-02
50                                    -1.9797034273804082e-02
51                                    -1.7133347292154433e-02
52                                    -3.1460389921609710e-02
53                                     9.0529239987015231e-02
54                                    -2.5404120653476170e-01
55                                    -1.8051943834222239e-01
56                                     1.5315113072162267e-01
57                                     1.2768944778215641e-01
58                                     2.1841849922045520e-02
59                                     1.2917749590440142e-01
60                                     1.0833704160133406e-02
61                                     1.2563805910058012e-02
62                                     1.0435616223798405e-02
63                                    -1.0083485936020153e-02
64                                    -2.2988914773366842e-02
65                                     1.8503020820000771e-02
66                                    -2.5316621836339426e-02
67                                     3.0558674207716408e-02
68                                    -2.0560058677703719e-02
69                                     1.7491762131458977e-02
70                                    -1.4788059351433791e-02
71                                    -3.6838514072990769e-02
72                                    -3.3003669111571377e-02
73                                     7.5607330367251535e-02
74                                    -2.7226543456966112e-01
75                                    -1.2594360641824309e-01
76                                     1.5314462333975953e-01
77                                     7.9139482810769657e-02
78                                     4.8766618209700074e-02
79                                     2.0670564411512160e-02
80                                     2.1367694861228248e-02
81                                     3.6621933247527827e-02
82                                     6.4062206562263913e-02
83                                     1.3627580605445733e-01
84                                    -8.4593489815748768e-02
   &Method [&Type "String"] "SCF"
   &Level [&Type "String"] "Relaxed density"
   &Mult [&Type "Integer"] 1
   &State [&Type "Integer"] -1
   &Irrep [&Type "Integer"] 0
$End
$SCF_Loewdin_Population_Analysis
   &GeometryIndex 1
   &NAtoms [&Type "Integer"] 85
   &ATNO [&Type "ArrayOfIntegers", &Dim (85,1)] 
                                                         0

0                                                        7
1                                                        1
2                                                        6
3                                                        1
4                                                        6
5                                                        1
6                                                        1
7                                                        6
8                                                        1
9                                                        6
10                                                       1
11                                                       1
12                                                       1
13                                                       6
14                                                       1
15                                                       1
16                                                       1
17                                                       6
18                                                       8
19                                                       7
20                                                       1
21                                                       6
22                                                       1
23                                                       6
24                                                       1
25                                                       6
26                                                       1
27                                                       1
28                                                       1
29                                                       6
30                                                       1
31                                                       1
32                                                       1
33                                                       6
34                                                       8
35                                                       7
36                                                       1
37                                                       6
38                                                       1
39                                                       6
40                                                       1
41                                                       1
42                                                       6
43                                                       6
44                                                       1
45                                                       6
46                                                       1
47                                                       6
48                                                       1
49                                                       6
50                                                       1
51                                                       6
52                                                       1
53                                                       6
54                                                       8
55                                                       7
56                                                       1
57                                                       6
58                                                       1
59                                                       6
60                                                       1
61                                                       1
62                                                       6
63                                                       6
64                                                       1
65                                                       6
66                                                       1
67                                                       6
68                                                       1
69                                                       6
70                                                       1
71                                                       6
72                                                       1
73                                                       6
74                                                       8
75                                                       7
76                                                       1
77                                                       6
78                                                       1
79                                                       6
80                                                       1
81                                                       1
82                                                       1
83                                                       6
84                                                       8
   &AtomicCharges [&Type "ArrayOfDoubles", &Dim (85,1)] 
                                                         0

0                                     -2.2853581118870192e-01
1                                      2.0370264969553631e-02
2                                     -3.2834525757653665e-02
3                                      3.6754145721612730e-02
4                                     -2.9815452588698221e-02
5                                      3.2134706090929388e-03
6                                      1.8061469345656778e-02
7                                     -4.2176805769276626e-02
8                                      1.2143999577210240e-02
9                                     -4.5283482963009547e-02
10                                     2.1940089301934140e-02
11                                     2.0297821744552080e-02
12                                     2.3413072105711530e-02
13                                    -4.1193322735397331e-02
14                                     1.6728721280337755e-02
15                                     1.6834908958914041e-02
16                                     1.9667052801465634e-02
17                                     7.7369054427141926e-02
18                                    -2.4263845112701077e-01
19                                     2.6441313917602294e-02
20                                     6.6501367445297221e-02
21                                     1.8168918174627180e-02
22                                     3.1962259719245045e-02
23                                    -3.3915372575317626e-02
24                                     2.1612889326036000e-02
25                                    -5.5223018813693514e-02
26                                     3.2626125902011194e-02
27                                     1.7410601045596552e-02
28                                     1.8575272919518326e-02
29                                    -4.7886571331647865e-02
30                                     2.6477616560161343e-02
31                                     3.2138092318006684e-02
32                                     2.8384316745773241e-02
33                                     5.9761176151078566e-02
34                                    -2.3136016977126239e-01
35                                     1.3424387011733430e-02
36                                     7.0511934698788359e-02
37                                     1.8237133483633094e-02
38                                     3.2331553251972345e-02
39                                    -1.4119528274109783e-02
40                                     2.0666047567062029e-02
41                                     3.0594068193569357e-02
42                                    -2.5047981446357781e-02
43                                    -1.5759765641044865e-02
44                                     2.0920771516505621e-02
45                                    -1.4947056785575619e-02
46                                     2.4593698054690472e-02
47                                    -1.8945957208089226e-02
48                                     2.3632278449318256e-02
49                                    -2.1331558248332882e-02
50                                     2.5837260128567463e-02
51                                    -2.5483149014831952e-02
52                                     2.3467947447259885e-02
53                                     5.5954335723065185e-02
54                                    -2.1702383742444908e-01
55                                     8.0322341050678148e-03
56                                     5.0376342599247947e-02
57                                     3.7569899407868590e-02
58                                     4.3510906251362225e-02
59                                    -1.4360190833706987e-02
60                                     3.7852134569689388e-02
61                                     2.6687294973893882e-02
62                                    -1.6790369349220846e-02
63                                    -2.2650050039448644e-02
64                                     2.7328820243615271e-02
65                                    -1.6971347204846055e-02
66                                     2.1330156207399753e-02
67                                    -2.6784572491375336e-02
68                                     2.4708353322607013e-02
69                                    -2.0147251969101276e-02
70                                     2.6577927209077479e-02
71                                    -3.6833693259521461e-02
72                                     1.2781927918575797e-02
73                                     6.1739270750836184e-02
74                                    -2.2157006937820967e-01
75                                     2.8877907014526194e-02
76                                     7.1047285971427621e-02
77                                     2.0850754274050587e-02
78                                     4.5726915950726865e-02
79                                    -3.4755927519190877e-02
80                                     3.1534672684223275e-02
81                                     3.6591143216186062e-02
82                                     3.5431402289196501e-02
83                                     1.1508387542674292e-01
84                                     3.7206297284946288e-03
   &Method [&Type "String"] "SCF"
   &Level [&Type "String"] "Relaxed density"
   &Mult [&Type "Integer"] 1
   &State [&Type "Integer"] -1
   &Irrep [&Type "Integer"] 0
$End
$SCF_Mayer_Population_Analysis
   &GeometryIndex 1
   &NAtoms [&Type "Integer"] 85 "Total number of atoms"
   &NBondOrdersPrint [&Type "Integer"] 88 "The number of bond orders larger than threshold"
   &bondThresh [&Type "Double"]       1.0000000000000001e-01  "The threshold for printing"
   &components [&Type "ArrayOfIntegers", &Dim (88,4)] "The indices and atomic numbers of the bonding atoms"
                                                         0                           1                           2                           3

0                                                        0                           7                           1                           1
1                                                        0                           7                           2                           6
2                                                        0                           7                          83                           6
3                                                        0                           7                          84                           8
4                                                        2                           6                           3                           1
5                                                        2                           6                           4                           6
6                                                        2                           6                          17                           6
7                                                        4                           6                           5                           1
8                                                        4                           6                           6                           1
9                                                        4                           6                           7                           6
10                                                       7                           6                           8                           1
11                                                       7                           6                           9                           6
12                                                       7                           6                          13                           6
13                                                       9                           6                          10                           1
14                                                       9                           6                          11                           1
15                                                       9                           6                          12                           1
16                                                      13                           6                          14                           1
17                                                      13                           6                          15                           1
18                                                      13                           6                          16                           1
19                                                      17                           6                          18                           8
20                                                      17                           6                          19                           7
21                                                      19                           7                          20                           1
22                                                      19                           7                          21                           6
23                                                      21                           6                          22                           1
24                                                      21                           6                          23                           6
25                                                      21                           6                          33                           6
26                                                      23                           6                          24                           1
27                                                      23                           6                          25                           6
28                                                      23                           6                          29                           6
29                                                      25                           6                          26                           1
30                                                      25                           6                          27                           1
31                                                      25                           6                          28                           1
32                                                      29                           6                          30                           1
33                                                      29                           6                          31                           1
34                                                      29                           6                          32                           1
35                                                      33                           6                          34                           8
36                                                      33                           6                          35                           7
37                                                      35                           7                          36                           1
38                                                      35                           7                          37                           6
39                                                      37                           6                          38                           1
40                                                      37                           6                          39                           6
41                                                      37                           6                          53                           6
42                                                      39                           6                          40                           1
43                                                      39                           6                          41                           1
44                                                      39                           6                          42                           6
45                                                      42                           6                          43                           6
46                                                      42                           6                          51                           6
47                                                      43                           6                          44                           1
48                                                      43                           6                          45                           6
49                                                      45                           6                          46                           1
50                                                      45                           6                          47                           6
51                                                      47                           6                          48                           1
52                                                      47                           6                          49                           6
53                                                      49                           6                          50                           1
54                                                      49                           6                          51                           6
55                                                      51                           6                          52                           1
56                                                      53                           6                          54                           8
57                                                      53                           6                          55                           7
58                                                      55                           7                          56                           1
59                                                      55                           7                          57                           6
60                                                      57                           6                          58                           1
61                                                      57                           6                          59                           6
62                                                      57                           6                          73                           6
63                                                      59                           6                          60                           1
64                                                      59                           6                          61                           1
65                                                      59                           6                          62                           6
66                                                      62                           6                          63                           6
67                                                      62                           6                          71                           6
68                                                      63                           6                          64                           1
69                                                      63                           6                          65                           6
70                                                      65                           6                          66                           1
71                                                      65                           6                          67                           6
72                                                      67                           6                          68                           1
73                                                      67                           6                          69                           6
74                                                      69                           6                          70                           1
75                                                      69                           6                          71                           6
76                                                      71                           6                          72                           1
77                                                      73                           6                          74                           8
78                                                      73                           6                          75                           7
79                                                      75                           7                          76                           1
80                                                      75                           7                          77                           6
81                                                      77                           6                          78                           1
82                                                      77                           6                          79                           6
83                                                      77                           6                          83                           6
84                                                      79                           6                          80                           1
85                                                      79                           6                          81                           1
86                                                      79                           6                          82                           1
87                                                      83                           6                          84                           8
   &BondOrders [&Type "ArrayOfDoubles", &Dim (88,1)] "The bond orders"
                                                         0

0                                      9.4132922782571415e-01
1                                      1.1639179228579244e+00
2                                      3.9651684480175264e-01
3                                      2.0247961738692519e-01
4                                      8.7281867481623321e-01
5                                      1.0319055547856490e+00
6                                      8.5984347352363788e-01
7                                      9.2086836530444616e-01
8                                      9.3050893777257659e-01
9                                      1.0393678939632869e+00
10                                     9.1340324432949405e-01
11                                     1.0781320736749249e+00
12                                     1.0740198351672454e+00
13                                     9.5624552656586825e-01
14                                     9.5281162850949719e-01
15                                     9.6059517478173784e-01
16                                     9.6413903347981400e-01
17                                     9.6345720932485812e-01
18                                     9.6098086108752967e-01
19                                     1.8134796319790207e+00
20                                     1.3110530921992163e+00
21                                     8.8783532871734516e-01
22                                     9.7230341240570195e-01
23                                     8.9489170770772319e-01
24                                     1.0341537148074509e+00
25                                     9.2440066820587585e-01
26                                     9.0999837358128477e-01
27                                     1.0657189091737040e+00
28                                     1.0909477416789419e+00
29                                     9.5534377923911862e-01
30                                     9.4703207073805040e-01
31                                     9.5710271044874728e-01
32                                     9.5548749481860040e-01
33                                     9.5476963195595643e-01
34                                     9.5005844917541871e-01
35                                     1.9495840571139493e+00
36                                     1.2575292064266539e+00
37                                     8.9630291267858442e-01
38                                     9.5472605038960778e-01
39                                     8.9818279524499756e-01
40                                     1.0588252980541426e+00
41                                     9.2049790610401150e-01
42                                     9.0110318988561988e-01
43                                     9.1876259343542765e-01
44                                     1.0456834263184498e+00
45                                     1.4000309188366651e+00
46                                     1.4021225863786473e+00
47                                     9.7750985323436712e-01
48                                     1.3904137525376234e+00
49                                     9.8081452784690570e-01
50                                     1.3959371064761144e+00
51                                     9.8881054325902806e-01
52                                     1.3638725209810982e+00
53                                     9.7781376295794153e-01
54                                     1.4026011924486650e+00
55                                     9.7704899027120939e-01
56                                     2.0661250865858705e+00
57                                     1.2321504743948981e+00
58                                     8.7350922784005680e-01
59                                     9.5562355323501880e-01
60                                     9.0160347086832893e-01
61                                     1.0639110107029783e+00
62                                     9.1666296122586821e-01
63                                     9.1441285756362800e-01
64                                     8.8815449258802159e-01
65                                     1.0477183637242757e+00
66                                     1.3439262300595487e+00
67                                     1.3932715198896797e+00
68                                     9.9260575895170633e-01
69                                     1.4339561136513046e+00
70                                     9.7564260776806944e-01
71                                     1.3702879886302934e+00
72                                     9.9099861590288507e-01
73                                     1.3814069483689466e+00
74                                     9.7474015935332592e-01
75                                     1.4150554593869555e+00
76                                     9.6663337527200999e-01
77                                     2.0198685472344895e+00
78                                     1.2529370574520799e+00
79                                     8.8200094722457512e-01
80                                     1.0024063002493140e+00
81                                     8.9317718710498273e-01
82                                     1.0652329403288598e+00
83                                     8.2569332087809788e-01
84                                     9.5658590589025294e-01
85                                     9.5728720881341023e-01
86                                     9.5196498329367707e-01
87                                     2.1681288009319108e+00
   &ATNO [&Type "ArrayOfIntegers", &Dim (85,1)] "Atomic number of the elements"
                                                         0

0                                                        7
1                                                        1
2                                                        6
3                                                        1
4                                                        6
5                                                        1
6                                                        1
7                                                        6
8                                                        1
9                                                        6
10                                                       1
11                                                       1
12                                                       1
13                                                       6
14                                                       1
15                                                       1
16                                                       1
17                                                       6
18                                                       8
19                                                       7
20                                                       1
21                                                       6
22                                                       1
23                                                       6
24                                                       1
25                                                       6
26                                                       1
27                                                       1
28                                                       1
29                                                       6
30                                                       1
31                                                       1
32                                                       1
33                                                       6
34                                                       8
35                                                       7
36                                                       1
37                                                       6
38                                                       1
39                                                       6
40                                                       1
41                                                       1
42                                                       6
43                                                       6
44                                                       1
45                                                       6
46                                                       1
47                                                       6
48                                                       1
49                                                       6
50                                                       1
51                                                       6
52                                                       1
53                                                       6
54                                                       8
55                                                       7
56                                                       1
57                                                       6
58                                                       1
59                                                       6
60                                                       1
61                                                       1
62                                                       6
63                                                       6
64                                                       1
65                                                       6
66                                                       1
67                                                       6
68                                                       1
69                                                       6
70                                                       1
71                                                       6
72                                                       1
73                                                       6
74                                                       8
75                                                       7
76                                                       1
77                                                       6
78                                                       1
79                                                       6
80                                                       1
81                                                       1
82                                                       1
83                                                       6
84                                                       8
   &NA [&Type "ArrayOfDoubles", &Dim (85,1)] "Mulliken gross atomic population"
                                                         0

0                                      7.3252250979976106e+00
1                                      9.1728597339734164e-01
2                                      5.9045539872045030e+00
3                                      9.9860954373337119e-01
4                                      5.9609260516281823e+00
5                                      1.0407878822915850e+00
6                                      1.0122926527974250e+00
7                                      6.1253012461534162e+00
8                                      1.0073356410734742e+00
9                                      5.9499421115034057e+00
10                                     9.7899349965550408e-01
11                                     1.0030863436094213e+00
12                                     9.9410377538653316e-01
13                                     5.9235389869027912e+00
14                                     1.0040508714622780e+00
15                                     1.0017099907488596e+00
16                                     1.0031982453383377e+00
17                                     5.8928896198475238e+00
18                                     8.3067458067679638e+00
19                                     7.0800036177805108e+00
20                                     8.9384672645416441e-01
21                                     5.8249567105128435e+00
22                                     1.0009606075385018e+00
23                                     6.1601908598634703e+00
24                                     1.0070823012325139e+00
25                                     5.9552358019500957e+00
26                                     9.8144043795578595e-01
27                                     9.9603087022366510e-01
28                                     9.8034637510798495e-01
29                                     5.9183929767117593e+00
30                                     9.9676462854244630e-01
31                                     9.6346555680607304e-01
32                                     1.0025763531164571e+00
33                                     5.9494965627502152e+00
34                                     8.2809339715486079e+00
35                                     7.1343250167567120e+00
36                                     8.7321254934781722e-01
37                                     5.9000746586446056e+00
38                                     9.8879683276382868e-01
39                                     5.8720736007366288e+00
40                                     1.0232499085010640e+00
41                                     9.7877637557258235e-01
42                                     6.0352697426189081e+00
43                                     5.9838796041217179e+00
44                                     1.0293166534426124e+00
45                                     5.9769071761532704e+00
46                                     1.0217608198412456e+00
47                                     5.9613328811160979e+00
48                                     1.0218762354185349e+00
49                                     5.9659449960769564e+00
50                                     1.0197970342738043e+00
51                                     6.0171333472921598e+00
52                                     1.0314603899216102e+00
53                                     5.9094707600129937e+00
54                                     8.2540412065347653e+00
55                                     7.1805194383422224e+00
56                                     8.4684886927837710e-01
57                                     5.8723105522178383e+00
58                                     9.7815815007795359e-01
59                                     5.8708225040956012e+00
60                                     9.8916629583986715e-01
61                                     9.8743619408994188e-01
62                                     5.9895643837762025e+00
63                                     6.0100834859360237e+00
64                                     1.0229889147733668e+00
65                                     5.9814969791799886e+00
66                                     1.0253166218363390e+00
67                                     5.9694413257922827e+00
68                                     1.0205600586777035e+00
69                                     5.9825082378685419e+00
70                                     1.0147880593514336e+00
71                                     6.0368385140729934e+00
72                                     1.0330036691115716e+00
73                                     5.9243926696327431e+00
74                                     8.2722654345696611e+00
75                                     7.1259436064182511e+00
76                                     8.4685537666024013e-01
77                                     5.9208605171892277e+00
78                                     9.5123338179029981e-01
79                                     5.9793294355884878e+00
80                                     9.7863230513877186e-01
81                                     9.6337806675247206e-01
82                                     9.3593779343773609e-01
83                                     5.8637241939455444e+00
84                                     8.0845934898157452e+00
   &ZA [&Type "ArrayOfDoubles", &Dim (85,1)] "Total nuclear charge"
                                                         0

0                                      7.0000000000000000e+00
1                                      1.0000000000000000e+00
2                                      6.0000000000000000e+00
3                                      1.0000000000000000e+00
4                                      6.0000000000000000e+00
5                                      1.0000000000000000e+00
6                                      1.0000000000000000e+00
7                                      6.0000000000000000e+00
8                                      1.0000000000000000e+00
9                                      6.0000000000000000e+00
10                                     1.0000000000000000e+00
11                                     1.0000000000000000e+00
12                                     1.0000000000000000e+00
13                                     6.0000000000000000e+00
14                                     1.0000000000000000e+00
15                                     1.0000000000000000e+00
16                                     1.0000000000000000e+00
17                                     6.0000000000000000e+00
18                                     8.0000000000000000e+00
19                                     7.0000000000000000e+00
20                                     1.0000000000000000e+00
21                                     6.0000000000000000e+00
22                                     1.0000000000000000e+00
23                                     6.0000000000000000e+00
24                                     1.0000000000000000e+00
25                                     6.0000000000000000e+00
26                                     1.0000000000000000e+00
27                                     1.0000000000000000e+00
28                                     1.0000000000000000e+00
29                                     6.0000000000000000e+00
30                                     1.0000000000000000e+00
31                                     1.0000000000000000e+00
32                                     1.0000000000000000e+00
33                                     6.0000000000000000e+00
34                                     8.0000000000000000e+00
35                                     7.0000000000000000e+00
36                                     1.0000000000000000e+00
37                                     6.0000000000000000e+00
38                                     1.0000000000000000e+00
39                                     6.0000000000000000e+00
40                                     1.0000000000000000e+00
41                                     1.0000000000000000e+00
42                                     6.0000000000000000e+00
43                                     6.0000000000000000e+00
44                                     1.0000000000000000e+00
45                                     6.0000000000000000e+00
46                                     1.0000000000000000e+00
47                                     6.0000000000000000e+00
48                                     1.0000000000000000e+00
49                                     6.0000000000000000e+00
50                                     1.0000000000000000e+00
51                                     6.0000000000000000e+00
52                                     1.0000000000000000e+00
53                                     6.0000000000000000e+00
54                                     8.0000000000000000e+00
55                                     7.0000000000000000e+00
56                                     1.0000000000000000e+00
57                                     6.0000000000000000e+00
58                                     1.0000000000000000e+00
59                                     6.0000000000000000e+00
60                                     1.0000000000000000e+00
61                                     1.0000000000000000e+00
62                                     6.0000000000000000e+00
63                                     6.0000000000000000e+00
64                                     1.0000000000000000e+00
65                                     6.0000000000000000e+00
66                                     1.0000000000000000e+00
67                                     6.0000000000000000e+00
68                                     1.0000000000000000e+00
69                                     6.0000000000000000e+00
70                                     1.0000000000000000e+00
71                                     6.0000000000000000e+00
72                                     1.0000000000000000e+00
73                                     6.0000000000000000e+00
74                                     8.0000000000000000e+00
75                                     7.0000000000000000e+00
76                                     1.0000000000000000e+00
77                                     6.0000000000000000e+00
78                                     1.0000000000000000e+00
79                                     6.0000000000000000e+00
80                                     1.0000000000000000e+00
81                                     1.0000000000000000e+00
82                                     1.0000000000000000e+00
83                                     6.0000000000000000e+00
84                                     8.0000000000000000e+00
   &QA [&Type "ArrayOfDoubles", &Dim (85,1)] "Mulliken gross atomic charge"
                                                         0

0                                     -3.2522509799761057e-01
1                                      8.2714026602658364e-02
2                                      9.5446012795497026e-02
3                                      1.3904562666288145e-03
4                                      3.9073948371817657e-02
5                                     -4.0787882291585031e-02
6                                     -1.2292652797424974e-02
7                                     -1.2530124615341620e-01
8                                     -7.3356410734741750e-03
9                                      5.0057888496594316e-02
10                                     2.1006500344495915e-02
11                                    -3.0863436094212826e-03
12                                     5.8962246134668383e-03
13                                     7.6461013097208763e-02
14                                    -4.0508714622780051e-03
15                                    -1.7099907488595800e-03
16                                    -3.1982453383376797e-03
17                                     1.0711038015247620e-01
18                                    -3.0674580676796381e-01
19                                    -8.0003617780510794e-02
20                                     1.0615327354583559e-01
21                                     1.7504328948715653e-01
22                                    -9.6060753850180092e-04
23                                    -1.6019085986347026e-01
24                                    -7.0823012325138546e-03
25                                     4.4764198049904280e-02
26                                     1.8559562044214051e-02
27                                     3.9691297763349009e-03
28                                     1.9653624892015054e-02
29                                     8.1607023288240654e-02
30                                     3.2353714575537040e-03
31                                     3.6534443193926958e-02
32                                    -2.5763531164570974e-03
33                                     5.0503437249784788e-02
34                                    -2.8093397154860789e-01
35                                    -1.3432501675671205e-01
36                                     1.2678745065218278e-01
37                                     9.9925341355394437e-02
38                                     1.1203167236171319e-02
39                                     1.2792639926337124e-01
40                                    -2.3249908501064009e-02
41                                     2.1223624427417653e-02
42                                    -3.5269742618908140e-02
43                                     1.6120395878282068e-02
44                                    -2.9316653442612362e-02
45                                     2.3092823846729615e-02
46                                    -2.1760819841245560e-02
47                                     3.8667118883902063e-02
48                                    -2.1876235418534895e-02
49                                     3.4055003923043614e-02
50                                    -1.9797034273804304e-02
51                                    -1.7133347292159762e-02
52                                    -3.1460389921610155e-02
53                                     9.0529239987006349e-02
54                                    -2.5404120653476525e-01
55                                    -1.8051943834222239e-01
56                                     1.5315113072162290e-01
57                                     1.2768944778216174e-01
58                                     2.1841849922046408e-02
59                                     1.2917749590439875e-01
60                                     1.0833704160132851e-02
61                                     1.2563805910058123e-02
62                                     1.0435616223797517e-02
63                                    -1.0083485936023706e-02
64                                    -2.2988914773366842e-02
65                                     1.8503020820011429e-02
66                                    -2.5316621836338982e-02
67                                     3.0558674207717296e-02
68                                    -2.0560058677703497e-02
69                                     1.7491762131458088e-02
70                                    -1.4788059351433569e-02
71                                    -3.6838514072993434e-02
72                                    -3.3003669111571599e-02
73                                     7.5607330367256864e-02
74                                    -2.7226543456966112e-01
75                                    -1.2594360641825109e-01
76                                     1.5314462333975987e-01
77                                     7.9139482810772321e-02
78                                     4.8766618209700185e-02
79                                     2.0670564411512160e-02
80                                     2.1367694861228137e-02
81                                     3.6621933247527938e-02
82                                     6.4062206562263913e-02
83                                     1.3627580605445555e-01
84                                    -8.4593489815745215e-02
   &VA [&Type "ArrayOfDoubles", &Dim (85,1)] "Mayer's total valence"
                                                         0

0                                      2.9431079795340400e+00
1                                      1.0021992205107149e+00
2                                      3.9771601175457048e+00
3                                      1.0194661319530525e+00
4                                      3.9987983881579727e+00
5                                      1.0019623315469757e+00
6                                      9.9372153534541141e-01
7                                      4.1925574475668856e+00
8                                      9.8863949170350451e-01
9                                      3.9783721472042184e+00
10                                     1.0066146640658178e+00
11                                     9.9605277233412071e-01
12                                     9.9265882179229004e-01
13                                     3.9750845140187026e+00
14                                     9.9533403486431282e-01
15                                     9.9030220470963604e-01
16                                     9.8686509708058079e-01
17                                     4.1675417429162600e+00
18                                     2.2151632173987474e+00
19                                     3.2672726774136542e+00
20                                     1.0551163178882834e+00
21                                     3.8683701898485157e+00
22                                     1.0101850801647929e+00
23                                     4.2418098421477843e+00
24                                     9.7030406979639461e-01
25                                     3.9366679588403688e+00
26                                     9.8829213856512854e-01
27                                     1.0305089679420096e+00
28                                     1.0156155094781105e+00
29                                     3.9603874568831041e+00
30                                     9.8786071932373842e-01
31                                     1.0060556107553709e+00
32                                     9.9431978724397385e-01
33                                     4.3296454447968014e+00
34                                     2.2267665113416388e+00
35                                     3.2188792448759864e+00
36                                     1.0251152420155953e+00
37                                     3.9151810919457417e+00
38                                     1.0195867789794482e+00
39                                     3.9320244441079577e+00
40                                     1.0103043911259744e+00
41                                     9.8593461569214402e-01
42                                     3.9988474087031509e+00
43                                     3.8740163280579445e+00
44                                     9.8887632520882018e-01
45                                     3.8691879885893625e+00
46                                     9.7779076644049279e-01
47                                     3.8258014064536292e+00
48                                     9.7905736303476953e-01
49                                     3.8292877367814881e+00
50                                     9.7863811957028213e-01
51                                     3.9000711016784368e+00
52                                     9.9719268130572103e-01
53                                     4.3415326569204264e+00
54                                     2.2753053999672410e+00
55                                     3.1797436199026707e+00
56                                     1.0444196912309007e+00
57                                     3.8984839064103434e+00
58                                     1.0257917625239701e+00
59                                     3.9206774743783828e+00
60                                     1.0003454424349103e+00
61                                     1.0378574733677479e+00
62                                     3.8892694882742096e+00
63                                     3.8746546388437286e+00
64                                     9.8551345775310173e-01
65                                     3.8889017051888506e+00
66                                     9.7591653377363763e-01
67                                     3.8152673784537745e+00
68                                     9.7924487431704810e-01
69                                     3.8924801542859480e+00
70                                     9.7657316483531997e-01
71                                     3.9114287814417947e+00
72                                     1.0067706700935224e+00
73                                     4.2975862125025657e+00
74                                     2.2455469953901286e+00
75                                     3.2663007270044027e+00
76                                     1.0567590274702865e+00
77                                     3.9510717859293845e+00
78                                     1.0271227325955083e+00
79                                     3.9520794380976323e+00
80                                     9.9214365028774787e-01
81                                     9.9687618295990110e-01
82                                     1.0396775713090147e+00
83                                     3.5845226339587590e+00
84                                     2.4961661108605648e+00
   &BVA [&Type "ArrayOfDoubles", &Dim (85,1)] "Mayer's bonded valence"
                                                         0

0                                      2.9431079795339592e+00
1                                      1.0021992205107151e+00
2                                      3.9771601175456621e+00
3                                      1.0194661319530485e+00
4                                      3.9987983881579336e+00
5                                      1.0019623315469803e+00
6                                      9.9372153534540908e-01
7                                      4.1925574475669229e+00
8                                      9.8863949170349874e-01
9                                      3.9783721472041638e+00
10                                     1.0066146640658187e+00
11                                     9.9605277233410972e-01
12                                     9.9265882179228315e-01
13                                     3.9750845140186368e+00
14                                     9.9533403486430150e-01
15                                     9.9030220470962826e-01
16                                     9.8686509708058945e-01
17                                     4.1675417429163222e+00
18                                     2.2151632173987599e+00
19                                     3.2672726774136835e+00
20                                     1.0551163178882916e+00
21                                     3.8683701898486293e+00
22                                     1.0101850801648002e+00
23                                     4.2418098421477684e+00
24                                     9.7030406979638184e-01
25                                     3.9366679588403990e+00
26                                     9.8829213856512366e-01
27                                     1.0305089679420154e+00
28                                     1.0156155094781210e+00
29                                     3.9603874568830992e+00
30                                     9.8786071932373531e-01
31                                     1.0060556107553758e+00
32                                     9.9431978724396586e-01
33                                     4.3296454447967774e+00
34                                     2.2267665113417143e+00
35                                     3.2188792448760868e+00
36                                     1.0251152420155916e+00
37                                     3.9151810919457768e+00
38                                     1.0195867789794455e+00
39                                     3.9320244441079200e+00
40                                     1.0103043911259624e+00
41                                     9.8593461569212426e-01
42                                     3.9988474087030834e+00
43                                     3.8740163280579254e+00
44                                     9.8887632520882141e-01
45                                     3.8691879885893590e+00
46                                     9.7779076644046647e-01
47                                     3.8258014064536212e+00
48                                     9.7905736303474666e-01
49                                     3.8292877367814540e+00
50                                     9.7863811957027036e-01
51                                     3.9000711016784146e+00
52                                     9.9719268130570060e-01
53                                     4.3415326569204566e+00
54                                     2.2753053999673343e+00
55                                     3.1797436199027089e+00
56                                     1.0444196912309025e+00
57                                     3.8984839064104140e+00
58                                     1.0257917625239845e+00
59                                     3.9206774743784014e+00
60                                     1.0003454424349048e+00
61                                     1.0378574733677541e+00
62                                     3.8892694882740786e+00
63                                     3.8746546388436860e+00
64                                     9.8551345775310173e-01
65                                     3.8889017051889518e+00
66                                     9.7591653377362997e-01
67                                     3.8152673784538602e+00
68                                     9.7924487431705598e-01
69                                     3.8924801542859186e+00
70                                     9.7657316483532108e-01
71                                     3.9114287814417352e+00
72                                     1.0067706700935000e+00
73                                     4.2975862125026039e+00
74                                     2.2455469953902663e+00
75                                     3.2663007270043201e+00
76                                     1.0567590274702865e+00
77                                     3.9510717859293774e+00
78                                     1.0271227325955226e+00
79                                     3.9520794380976207e+00
80                                     9.9214365028774987e-01
81                                     9.9687618295990821e-01
82                                     1.0396775713090123e+00
83                                     3.5845226339586977e+00
84                                     2.4961661108605337e+00
   &FA [&Type "ArrayOfDoubles", &Dim (85,1)] "Mayer's free valence"
                                                         0

0                                      0.0000000000000000e+00
1                                      0.0000000000000000e+00
2                                      0.0000000000000000e+00
3                                      0.0000000000000000e+00
4                                      0.0000000000000000e+00
5                                      0.0000000000000000e+00
6                                      0.0000000000000000e+00
7                                      0.0000000000000000e+00
8                                      0.0000000000000000e+00
9                                      0.0000000000000000e+00
10                                     0.0000000000000000e+00
11                                     0.0000000000000000e+00
12                                     0.0000000000000000e+00
13                                     0.0000000000000000e+00
14                                     0.0000000000000000e+00
15                                     0.0000000000000000e+00
16                                     0.0000000000000000e+00
17                                     0.0000000000000000e+00
18                                     0.0000000000000000e+00
19                                     0.0000000000000000e+00
20                                     0.0000000000000000e+00
21                                     0.0000000000000000e+00
22                                     0.0000000000000000e+00
23                                     0.0000000000000000e+00
24                                     0.0000000000000000e+00
25                                     0.0000000000000000e+00
26                                     0.0000000000000000e+00
27                                     0.0000000000000000e+00
28                                     0.0000000000000000e+00
29                                     0.0000000000000000e+00
30                                     0.0000000000000000e+00
31                                     0.0000000000000000e+00
32                                     0.0000000000000000e+00
33                                     0.0000000000000000e+00
34                                     0.0000000000000000e+00
35                                     0.0000000000000000e+00
36                                     0.0000000000000000e+00
37                                     0.0000000000000000e+00
38                                     0.0000000000000000e+00
39                                     0.0000000000000000e+00
40                                     0.0000000000000000e+00
41                                     0.0000000000000000e+00
42                                     0.0000000000000000e+00
43                                     0.0000000000000000e+00
44                                     0.0000000000000000e+00
45                                     0.0000000000000000e+00
46                                     0.0000000000000000e+00
47                                     0.0000000000000000e+00
48                                     0.0000000000000000e+00
49                                     0.0000000000000000e+00
50                                     0.0000000000000000e+00
51                                     0.0000000000000000e+00
52                                     0.0000000000000000e+00
53                                     0.0000000000000000e+00
54                                     0.0000000000000000e+00
55                                     0.0000000000000000e+00
56                                     0.0000000000000000e+00
57                                     0.0000000000000000e+00
58                                     0.0000000000000000e+00
59                                     0.0000000000000000e+00
60                                     0.0000000000000000e+00
61                                     0.0000000000000000e+00
62                                     0.0000000000000000e+00
63                                     0.0000000000000000e+00
64                                     0.0000000000000000e+00
65                                     0.0000000000000000e+00
66                                     0.0000000000000000e+00
67                                     0.0000000000000000e+00
68                                     0.0000000000000000e+00
69                                     0.0000000000000000e+00
70                                     0.0000000000000000e+00
71                                     0.0000000000000000e+00
72                                     0.0000000000000000e+00
73                                     0.0000000000000000e+00
74                                     0.0000000000000000e+00
75                                     0.0000000000000000e+00
76                                     0.0000000000000000e+00
77                                     0.0000000000000000e+00
78                                     0.0000000000000000e+00
79                                     0.0000000000000000e+00
80                                     0.0000000000000000e+00
81                                     0.0000000000000000e+00
82                                     0.0000000000000000e+00
83                                     0.0000000000000000e+00
84                                     0.0000000000000000e+00
   &Method [&Type "String"] "SCF"
   &Level [&Type "String"] "Relaxed density"
   &Mult [&Type "Integer"] 1
   &State [&Type "Integer"] -1
   &Irrep [&Type "Integer"] 0
$End
$SCF_Energy
   &GeometryIndex 1
   &Method [&Type "String"] "SCF"
   &totalEnergy [&Type "ArrayOfDoubles", &Dim (1,1)] "Total energy of each state"
                                                         0

0                                     -1.8924818050478584e+03
   &Mult [&Type "ArrayOfIntegers", &Dim (1,1)] "Multiplicity of each state"
                                                         0

0                                                        1
$End
$DFT_Energy
   &GeometryIndex 1
   &nAlphaEl [&Type "Integer"] 154
   &nBetaEl [&Type "Integer"] 154
   &nTotalEl [&Type "Integer"] 309
   &finalEn [&Type "Double"]      -1.8924818050478584e+03  "No Van der Waals correction"
   &eExchange [&Type "Double"]      -2.0270788710241436e+02
   &eCorr [&Type "Double"]      -1.2360720603055441e+01
   &eXC [&Type "Double"]      -2.1506860770546979e+02
   &eCNL [&Type "Double"]       0.0000000000000000e+00
$End
$SCF_Timings
   &GeometryIndex 1
   &TOTAL [&Type "Double"]       1.0959120809999999e+03
   &PREP [&Type "Double"]       7.6437699999999997e-01
   &FOCK [&Type "Double"]       1.0712595990000002e+03
   &DENS [&Type "Double"]       1.6132320000004938e+00
   &ETOT [&Type "Double"]       4.6726700000018795e-01
   &POP [&Type "Double"]       1.5892300000018622e-01
   &TRAFO [&Type "Double"]       2.7222059999991188e+00
   &DIIS [&Type "Double"]       1.7257704999999703e+01
   &SOSCF [&Type "Double"]       1.0000000031595846e-05
   &NR [&Type "Double"]       1.7359999999712272e-02
   &XC [&Type "Double"]       9.1290531000000428e+01
   &FOCKSTART [&Type "Double"]       1.1898600000020865e-01
   &INT_PREP [&Type "Double"]       1.2999999853491317e-05
   &INT_BF [&Type "Double"]       3.3863302000004438e+01
   &INT_DENS [&Type "Double"]       2.7401257000000513e+01
   &INT_DENSIO [&Type "Double"]       2.6324767184412058e+07
   &INT_FUNC [&Type "Double"]       2.3766459999983418e+00
   &INT_POT [&Type "Double"]       2.1775972000016314e+01
   &INT_POTIO [&Type "Double"]       2.3919699999115096e-01
   &INT_SUM [&Type "Double"]       1.4199999994986001e-03
   &SPLITRIJ [&Type "Double"]       2.1322509100000019e+02
   &COSX [&Type "Double"]       7.6408755600000052e+02
$End
$VdW_Correction
   &GeometryIndex 1
   &vdW [&Type "Double"]      -1.9942631008548894e-01
$End
$Single_Point_Data
   &GeometryIndex 1
   &FinalEnergy [&Type "Double"]      -1.8926812313579439e+03  "Final single point energy"
   &Converged [&Type "Boolean"] true
$End
$Calculation_Info
   &GeometryIndex 1
   &Mult [&Type "Integer"] 1
   &Charge [&Type "Integer"] 0
   &NumOfAtoms [&Type "Integer"] 85
   &NumOfElectrons [&Type "Integer"] 310
   &NumOfBasisFuncts [&Type "Integer"] 803
   &NumOfAuxCBasisFuncts [&Type "Integer"] 0
   &NumOfAuxJBasisFuncts [&Type "Integer"] 2531
   &NumOfAuxJKBasisFuncts [&Type "Integer"] 0
   &NumOfCABSBasisFuncts [&Type "Integer"] 0
$End
$SCF_Dipole_Moment
   &GeometryIndex 1
   &dipoleMagnitude [&Type "Double", &Units "a.u."]       2.6601878638442753e+00
   &dipoleElecContrib [&Type "ArrayOfDoubles", &Dim (3,1)] "Electronic contribution"
                                                         0

0                                      9.5003860286730184e+00
1                                      8.4645654288085765e+00
2                                     -3.8054449365501505e+01
   &dipoleNucContrib [&Type "ArrayOfDoubles", &Dim (3,1)] "Nuclear contribution"
                                                         0

0                                     -9.7268935182626421e+00
1                                     -8.0257483968522223e+00
2                                      4.0668399143245750e+01
   &dipoleTotal [&Type "ArrayOfDoubles", &Dim (3,1)] "Total"
                                                         0

0                                     -2.2650748958962375e-01
1                                      4.3881703195635424e-01
2                                      2.6139497777442458e+00
   &doAtomicDipole [&Type "Boolean"] false
   &Method [&Type "String"] "SCF"
   &Level [&Type "String"] "Relaxed density"
   &Mult [&Type "Integer"] 1
   &State [&Type "Integer"] -1
   &Irrep [&Type "Integer"] 0
$End
$Calculation_Timings
   &GeometryIndex 1
   &GTOINT [&Type "Double"]       1.0073858000000000e+01
   &SCF [&Type "Double"]       1.1016182460000000e+03
   &PROP [&Type "Double"]       7.3503699999992023e-01
   &SUM [&Type "Double"]       1.1124271409999999e+03
$End
