*************************************************
******************* ORCA 6.1.0-f.0 ******************
*************************************************
$Calculation_Status
   &GeometryIndex 1
   &version [&Type "String"] "6.1.0-f.0"
   &progName [&Type "String"] "LeanSCF"
   &Status [&Type "String"] "NORMAL TERMINATION"
$End
$Geometry
   &GeometryIndex 1
   &NAtoms [&Type "Integer"] 85
   &NCorelessECP [&Type "Integer"] 0
   &NGhostAtoms [&Type "Integer"] 0
   &CartesianCoordinates [&Type "Coordinates", &Dim(85,4), &Units "Bohr"] 
              N     83.771559516729   43.161344898761  100.930272812734
              H     83.091258108517   42.329865399836  102.517642765228
              C     81.995216950843   44.427461408489   99.267313814883
              H     81.579477201380   42.915680501352   97.925608259799
              C     79.708648328798   45.372324475449  100.722402938003
              H     80.407846998349   46.732927291873  102.101903015765
              H     78.914963352551   43.728262738938  101.686163266303
              C     77.440976968093   46.506160155802   99.324005598901
              H     78.083483853626   48.301399983027   98.568115145332
              C     76.590600207828   44.824303896612   97.131923283552
              H     78.140175637644   44.786509373934   95.771320467129
              H     76.137065935687   42.896783240012   97.717738385068
              H     74.889846687299   45.693577918216   96.338238307305
              C     75.324483698101   47.054180734639  101.175937210144
              H     74.852052164621   45.296735430092  102.139697538444
              H     75.910298799617   48.282502721688  102.725512639959
              H     73.548141132215   47.828968449547  100.457841279254
              C     83.053463585839   46.600646462498   97.698841123729
              O     82.864490972447   46.619543723837   95.374477979006
              N     84.243991050209   48.471475335080   98.889368588099
              H     84.073915698156   48.452578073741  100.797991983360
              C     85.169956855831   50.644660389090   97.509868510337
              H     83.412511551284   51.419448103997   96.772875318107
              C     85.906950048060   52.704461875064   99.361800121579
              H     84.527449970298   52.647770091046  100.892478290056
              C     88.514772112871   52.288722125601  100.533430324611
              H     88.306902238140   50.455687775697  101.421601607554
              H     90.045450281348   52.232030341583   99.153930246848
              H     88.854922816977   53.932783862113  101.723957788981
              C     85.226648639848   55.312283939875   98.303553486584
              H     86.530559672254   55.860304518712   96.791772579447
              H     83.261333460570   55.368975723893   97.717738385068
              H     85.415621253241   56.767373062994   99.739745348364
              C     87.002991205734   50.134434332931   95.336683456327
              O     86.984093944395   51.665112501407   93.579238151780
              N     88.476977590193   48.093530108296   95.431169763023
              H     88.571463896889   47.073077995978   97.056334238195
              C     90.196628372061   47.243153348031   93.484751845084
              H     91.368258575093   48.849420561864   92.898936743569
              C     91.916279153930   45.183351862057   94.561895741419
              H     90.782443473577   43.898338090991   95.695731421772
              H     93.257984709014   46.166009451696   95.771320467129
              C     93.276881970353   43.539290125546   92.672169607498
              C     95.506758808380   44.408564147149   91.576128449824
              H     96.300443784627   46.203803974375   92.161943551339
              C     96.735080795429   42.991269546708   89.705299577242
              H     98.549217883993   43.614879170902   89.006100907691
              C     95.752423205790   40.648009140646   88.949409123673
              H     96.640594488733   39.457481676276   87.551011784572
              C     93.503649106424   39.797632380382   90.026553020008
              H     92.747758652855   38.021289814496   89.402943395814
              C     92.275327119375   41.214926980822   91.916279153930
              H     90.536779076167   40.440139265915   92.672169607498
              C     88.760436510281   46.543954678480   91.103696916344
              O     89.629710531885   47.129769779996   89.043895430369
              N     86.738429546985   45.051071032683   91.349361313753
              H     86.284895274844   44.616434021881   93.144601140978
              C     85.207751378509   43.898338090991   89.384046134475
              H     86.549456933593   43.161344898761   88.004546056713
              C     83.620381426015   41.725153036981   90.461190030810
              H     82.165292302896   41.196029719483   89.100587214387
              H     82.883388233786   42.632221581263   92.161943551339
              C     85.283340423866   39.514173460293   91.179285961700
              C     86.322689797523   37.964598030478   89.308457089118
              H     86.417176104219   38.531515870654   87.362039171179
              C     87.532114523232   35.659132147094   89.799785883938
              H     88.250210454122   34.487501944063   88.288004976801
              C     87.853367965999   34.997728000222   92.332018903392
              H     88.987203646352   33.391460786389   92.880039482230
              C     86.681737762968   36.471714384680   94.202847775974
              H     86.454970626897   35.734721192451   96.092573909896
              C     85.302237685205   38.663796700029   93.673724458476
              H     84.281785572888   39.570865244311   95.204402626953
              C     83.620381426015   46.033728622322   88.288004976801
              O     83.639278687355   46.714030030533   86.077025400113
              N     82.221984086914   47.413228700084   89.875374929295
              H     82.033011473522   46.770721814551   91.670614756520
              C     80.464538782367   49.321852095345   89.006100907691
              H     79.160627749961   48.395886289723   87.702189875285
              C     79.274011317997   50.380098730341   91.406053097771
              H     77.781127672199   51.665112501407   90.801340734916
              H     78.612607171124   48.736036993829   92.445402471428
              H     80.540127827724   51.287167274623   92.766655914194
              C     81.768449814773   51.627317978729   87.872265227338
              O     80.842484009151   52.572181045689   85.963641832078
$End
$SCF_Mulliken_Population_Analysis
   &GeometryIndex 1
   &NAtoms [&Type "Integer"] 85
   &ATNO [&Type "ArrayOfIntegers", &Dim (85,1)] 
                                                         0

0                                                        7
1                                                        1
2                                                        6
3                                                        1
4                                                        6
5                                                        1
6                                                        1
7                                                        6
8                                                        1
9                                                        6
10                                                       1
11                                                       1
12                                                       1
13                                                       6
14                                                       1
15                                                       1
16                                                       1
17                                                       6
18                                                       8
19                                                       7
20                                                       1
21                                                       6
22                                                       1
23                                                       6
24                                                       1
25                                                       6
26                                                       1
27                                                       1
28                                                       1
29                                                       6
30                                                       1
31                                                       1
32                                                       1
33                                                       6
34                                                       8
35                                                       7
36                                                       1
37                                                       6
38                                                       1
39                                                       6
40                                                       1
41                                                       1
42                                                       6
43                                                       6
44                                                       1
45                                                       6
46                                                       1
47                                                       6
48                                                       1
49                                                       6
50                                                       1
51                                                       6
52                                                       1
53                                                       6
54                                                       8
55                                                       7
56                                                       1
57                                                       6
58                                                       1
59                                                       6
60                                                       1
61                                                       1
62                                                       6
63                                                       6
64                                                       1
65                                                       6
66                                                       1
67                                                       6
68                                                       1
69                                                       6
70                                                       1
71                                                       6
72                                                       1
73                                                       6
74                                                       8
75                                                       7
76                                                       1
77                                                       6
78                                                       1
79                                                       6
80                                                       1
81                                                       1
82                                                       1
83                                                       6
84                                                       8
   &AtomicCharges [&Type "ArrayOfDoubles", &Dim (85,1)] 
                                                         0

0                                     -3.0532475621449340e-01
1                                      8.6040242772656983e-02
2                                      9.1692937111883310e-02
3                                      5.8727871411556887e-03
4                                      1.5008839655359374e-02
5                                     -2.1569680820248127e-02
6                                     -1.0035947373781440e-02
7                                     -9.6181870627345845e-02
8                                     -1.6320327703997606e-02
9                                      4.4742657568942690e-02
10                                     2.2378437920786309e-02
11                                     1.6084989644777892e-03
12                                     6.1626540407004882e-03
13                                     6.2312256335733451e-02
14                                    -1.0565381667164475e-02
15                                    -7.1553882121806467e-03
16                                     9.0948494690401560e-03
17                                     9.3665930997357094e-02
18                                    -3.1552300463277660e-01
19                                    -1.1710413042734569e-01
20                                     1.2161924583735284e-01
21                                     1.4245282067946619e-01
22                                    -4.2059981158653059e-03
23                                    -1.5910948557670856e-01
24                                    -1.7870670951853684e-02
25                                     8.9755667797618344e-02
26                                    -7.5164501167113151e-04
27                                     2.3263536169926935e-02
28                                     1.6472024023904686e-02
29                                     6.6329552168530981e-02
30                                     3.2631675391995074e-02
31                                     5.5089891650983436e-04
32                                    -4.3535671226655470e-03
33                                     1.0322411073282645e-01
34                                    -2.6067161567640795e-01
35                                    -1.3331655616647886e-01
36                                     1.2590173684671835e-01
37                                     1.1526450013589784e-01
38                                     1.4208963090848292e-02
39                                     1.3387206780309135e-01
40                                    -9.3138384843374222e-03
41                                     6.3036810721699421e-03
42                                    -1.0356679590711515e-02
43                                     8.6143321811382734e-03
44                                    -3.4961581140957598e-02
45                                     3.7655750334608662e-02
46                                    -2.3504534626383133e-02
47                                     2.8445598740959532e-02
48                                    -2.7105694306629458e-02
49                                     1.6483643777586821e-02
50                                    -3.5957313694713999e-02
51                                    -2.0545019364393013e-03
52                                    -2.6493771167208191e-02
53                                     6.8435551492991742e-02
54                                    -2.4431759912786433e-01
55                                    -1.4918286138669679e-01
56                                     1.1281502804493615e-01
57                                     9.9616710795796592e-02
58                                     1.5531658659518777e-02
59                                     1.3636454620878613e-01
60                                     2.6565080349476800e-02
61                                    -1.0683020635982254e-02
62                                     7.8937212915128896e-03
63                                    -2.0617685336502767e-02
64                                    -1.8662191213925983e-02
65                                     3.2835668204818091e-02
66                                    -1.5391334743484419e-02
67                                     2.0885717857915154e-02
68                                    -1.5381531146903882e-02
69                                     2.2226145475770842e-02
70                                    -1.5497291913027178e-02
71                                    -2.9522732215192526e-02
72                                    -2.6599036098885476e-02
73                                     8.7886165878268585e-02
74                                    -2.4342068350255630e-01
75                                    -1.4457177191418857e-01
76                                     1.4342905631588798e-01
77                                     5.8666221740923064e-02
78                                     5.0155453531433691e-02
79                                     8.2020540373441975e-03
80                                     3.1288212299707574e-02
81                                     2.8967268137928381e-02
82                                     5.6089304687683805e-02
83                                     1.5810004232593577e-01
84                                    -1.0392782453249438e-01
   &Method [&Type "String"] "SCF"
   &Level [&Type "String"] "Relaxed density"
   &Mult [&Type "Integer"] 1
   &State [&Type "Integer"] -1
   &Irrep [&Type "Integer"] 0
$End
$SCF_Loewdin_Population_Analysis
   &GeometryIndex 1
   &NAtoms [&Type "Integer"] 85
   &ATNO [&Type "ArrayOfIntegers", &Dim (85,1)] 
                                                         0

0                                                        7
1                                                        1
2                                                        6
3                                                        1
4                                                        6
5                                                        1
6                                                        1
7                                                        6
8                                                        1
9                                                        6
10                                                       1
11                                                       1
12                                                       1
13                                                       6
14                                                       1
15                                                       1
16                                                       1
17                                                       6
18                                                       8
19                                                       7
20                                                       1
21                                                       6
22                                                       1
23                                                       6
24                                                       1
25                                                       6
26                                                       1
27                                                       1
28                                                       1
29                                                       6
30                                                       1
31                                                       1
32                                                       1
33                                                       6
34                                                       8
35                                                       7
36                                                       1
37                                                       6
38                                                       1
39                                                       6
40                                                       1
41                                                       1
42                                                       6
43                                                       6
44                                                       1
45                                                       6
46                                                       1
47                                                       6
48                                                       1
49                                                       6
50                                                       1
51                                                       6
52                                                       1
53                                                       6
54                                                       8
55                                                       7
56                                                       1
57                                                       6
58                                                       1
59                                                       6
60                                                       1
61                                                       1
62                                                       6
63                                                       6
64                                                       1
65                                                       6
66                                                       1
67                                                       6
68                                                       1
69                                                       6
70                                                       1
71                                                       6
72                                                       1
73                                                       6
74                                                       8
75                                                       7
76                                                       1
77                                                       6
78                                                       1
79                                                       6
80                                                       1
81                                                       1
82                                                       1
83                                                       6
84                                                       8
   &AtomicCharges [&Type "ArrayOfDoubles", &Dim (85,1)] 
                                                         0

0                                     -2.1806109131579365e-01
1                                      2.8516884284003896e-02
2                                     -3.0605791878759447e-02
3                                      3.5692173646918235e-02
4                                     -3.0852712507861035e-02
5                                      9.9932762185891422e-03
6                                      1.8547419829824996e-02
7                                     -4.0353744378762713e-02
8                                      1.1373954971100164e-02
9                                     -4.8364969447842299e-02
10                                     1.6160825810527579e-02
11                                     2.0122234220944279e-02
12                                     2.2869854927424105e-02
13                                    -4.8590259934631952e-02
14                                     1.8945821703392207e-02
15                                     1.9671245243060520e-02
16                                     2.2208227667917524e-02
17                                     7.5431764424712888e-02
18                                    -2.4617421820481056e-01
19                                     2.1265753838410895e-02
20                                     7.3991716866190771e-02
21                                     1.2849588495051023e-02
22                                     3.4219656151322830e-02
23                                    -3.3505504762711524e-02
24                                     1.8473941760193902e-02
25                                    -4.3617893981960698e-02
26                                     1.9528880376594282e-02
27                                     2.4588102631649122e-02
28                                     2.8706244394200997e-02
29                                    -4.0794783531396206e-02
30                                     2.8909952745774237e-02
31                                     2.1353575511844802e-02
32                                     1.8475585584280085e-02
33                                     6.2361948594046090e-02
34                                    -2.2170866787685917e-01
35                                     5.1745099155917629e-03
36                                     7.4602325405735082e-02
37                                     2.2546524920662669e-02
38                                     3.7371479534414664e-02
39                                    -1.4769788725237376e-02
40                                     2.3156409657150601e-02
41                                     3.1019866024052267e-02
42                                    -2.5345120842498403e-02
43                                    -1.6758275716950877e-02
44                                     2.2373449916014643e-02
45                                    -1.4752474033961960e-02
46                                     2.3489328104696283e-02
47                                    -2.4131059514321151e-02
48                                     2.2954949557638105e-02
49                                    -1.7423127442611985e-02
50                                     1.9046626437416614e-02
51                                    -2.2689565696663472e-02
52                                     2.4929117877282803e-02
53                                     5.0500100508032553e-02
54                                    -2.0839036307070913e-01
55                                     7.9449966880913436e-03
56                                     5.6053293163467854e-02
57                                     3.2367349077452978e-02
58                                     3.6134492337725810e-02
59                                    -1.1945874910360033e-02
60                                     3.9471216420504884e-02
61                                     1.9306700334270843e-02
62                                    -2.8706577053912774e-02
63                                    -1.8038606585946582e-02
64                                     2.4408225305998510e-02
65                                    -1.6181663035227167e-02
66                                     2.7658157496901592e-02
67                                    -2.2293349154582920e-02
68                                     2.5464987625217095e-02
69                                    -2.1605577038768864e-02
70                                     2.5556230569637850e-02
71                                    -3.0645169106109371e-02
72                                     2.6894057013053474e-02
73                                     5.5517818670860919e-02
74                                    -2.0779554476723661e-01
75                                     9.1648717953214387e-03
76                                     6.2405165361809956e-02
77                                     2.8720910873492933e-02
78                                     4.1865288559323810e-02
79                                    -3.8249600481521817e-02
80                                     3.1774648940326111e-02
81                                     3.2252546314309627e-02
82                                     3.9067710800967492e-02
83                                     1.1477713382798349e-01
84                                    -1.5877743935552857e-02
   &Method [&Type "String"] "SCF"
   &Level [&Type "String"] "Relaxed density"
   &Mult [&Type "Integer"] 1
   &State [&Type "Integer"] -1
   &Irrep [&Type "Integer"] 0
$End
$SCF_Mayer_Population_Analysis
   &GeometryIndex 1
   &NAtoms [&Type "Integer"] 85 "Total number of atoms"
   &NBondOrdersPrint [&Type "Integer"] 88 "The number of bond orders larger than threshold"
   &bondThresh [&Type "Double"]       1.0000000000000001e-01  "The threshold for printing"
   &components [&Type "ArrayOfIntegers", &Dim (88,4)] "The indices and atomic numbers of the bonding atoms"
                                                         0                           1                           2                           3

0                                                        0                           7                           1                           1
1                                                        0                           7                           2                           6
2                                                        0                           7                          83                           6
3                                                        0                           7                          84                           8
4                                                        2                           6                           3                           1
5                                                        2                           6                           4                           6
6                                                        2                           6                          17                           6
7                                                        4                           6                           5                           1
8                                                        4                           6                           6                           1
9                                                        4                           6                           7                           6
10                                                       7                           6                           8                           1
11                                                       7                           6                           9                           6
12                                                       7                           6                          13                           6
13                                                       9                           6                          10                           1
14                                                       9                           6                          11                           1
15                                                       9                           6                          12                           1
16                                                      13                           6                          14                           1
17                                                      13                           6                          15                           1
18                                                      13                           6                          16                           1
19                                                      17                           6                          18                           8
20                                                      17                           6                          19                           7
21                                                      19                           7                          20                           1
22                                                      19                           7                          21                           6
23                                                      21                           6                          22                           1
24                                                      21                           6                          23                           6
25                                                      21                           6                          33                           6
26                                                      23                           6                          24                           1
27                                                      23                           6                          25                           6
28                                                      23                           6                          29                           6
29                                                      25                           6                          26                           1
30                                                      25                           6                          27                           1
31                                                      25                           6                          28                           1
32                                                      29                           6                          30                           1
33                                                      29                           6                          31                           1
34                                                      29                           6                          32                           1
35                                                      33                           6                          34                           8
36                                                      33                           6                          35                           7
37                                                      35                           7                          36                           1
38                                                      35                           7                          37                           6
39                                                      37                           6                          38                           1
40                                                      37                           6                          39                           6
41                                                      37                           6                          53                           6
42                                                      39                           6                          40                           1
43                                                      39                           6                          41                           1
44                                                      39                           6                          42                           6
45                                                      42                           6                          43                           6
46                                                      42                           6                          51                           6
47                                                      43                           6                          44                           1
48                                                      43                           6                          45                           6
49                                                      45                           6                          46                           1
50                                                      45                           6                          47                           6
51                                                      47                           6                          48                           1
52                                                      47                           6                          49                           6
53                                                      49                           6                          50                           1
54                                                      49                           6                          51                           6
55                                                      51                           6                          52                           1
56                                                      53                           6                          54                           8
57                                                      53                           6                          55                           7
58                                                      55                           7                          56                           1
59                                                      55                           7                          57                           6
60                                                      57                           6                          58                           1
61                                                      57                           6                          59                           6
62                                                      57                           6                          73                           6
63                                                      59                           6                          60                           1
64                                                      59                           6                          61                           1
65                                                      59                           6                          62                           6
66                                                      62                           6                          63                           6
67                                                      62                           6                          71                           6
68                                                      63                           6                          64                           1
69                                                      63                           6                          65                           6
70                                                      65                           6                          66                           1
71                                                      65                           6                          67                           6
72                                                      67                           6                          68                           1
73                                                      67                           6                          69                           6
74                                                      69                           6                          70                           1
75                                                      69                           6                          71                           6
76                                                      71                           6                          72                           1
77                                                      73                           6                          74                           8
78                                                      73                           6                          75                           7
79                                                      75                           7                          76                           1
80                                                      75                           7                          77                           6
81                                                      77                           6                          78                           1
82                                                      77                           6                          79                           6
83                                                      77                           6                          83                           6
84                                                      79                           6                          80                           1
85                                                      79                           6                          81                           1
86                                                      79                           6                          82                           1
87                                                      83                           6                          84                           8
   &BondOrders [&Type "ArrayOfDoubles", &Dim (88,1)] "The bond orders"
                                                         0

0                                      9.4089176514083217e-01
1                                      1.2011138805292876e+00
2                                      4.2084535646192756e-01
3                                      2.3141203092387017e-01
4                                      8.4628168834441686e-01
5                                      1.0176024513017334e+00
6                                      8.9437100370655109e-01
7                                      9.3543402387030705e-01
8                                      9.2342239660184866e-01
9                                      1.0293150599045156e+00
10                                     9.0622040930535852e-01
11                                     1.0855533688585461e+00
12                                     1.0765186360756567e+00
13                                     9.5034347018682164e-01
14                                     9.6142180202090266e-01
15                                     9.6049782128731098e-01
16                                     9.5954094507468657e-01
17                                     9.6120630481853730e-01
18                                     9.6322733577221575e-01
19                                     1.8263172714960776e+00
20                                     1.3073607906917977e+00
21                                     9.0295331032853876e-01
22                                     9.3955515894861907e-01
23                                     9.0409972142455863e-01
24                                     1.0466955115901380e+00
25                                     8.9949280006808285e-01
26                                     9.1324508053518894e-01
27                                     1.0596661948783161e+00
28                                     1.0973992154035133e+00
29                                     9.5888670822988165e-01
30                                     9.5890493603507776e-01
31                                     9.6068822662008047e-01
32                                     9.6448981655981647e-01
33                                     9.5428250746069276e-01
34                                     9.5599194083821981e-01
35                                     2.0448436712624454e+00
36                                     1.2358494460741882e+00
37                                     9.0213078367623567e-01
38                                     9.6445791773607570e-01
39                                     8.8362798877948256e-01
40                                     1.0520069290461309e+00
41                                     9.3260033608715809e-01
42                                     8.9763627627682041e-01
43                                     9.1620706764427118e-01
44                                     1.0603739541742827e+00
45                                     1.3856569194561239e+00
46                                     1.3712223249173223e+00
47                                     9.8601003696038858e-01
48                                     1.3936668653983295e+00
49                                     9.8294537266008453e-01
50                                     1.3634193129838208e+00
51                                     9.8534123134587193e-01
52                                     1.4119198213038699e+00
53                                     9.8054763315903548e-01
54                                     1.3823584227466428e+00
55                                     9.9025080612223038e-01
56                                     2.0769022387298990e+00
57                                     1.2305977614871420e+00
58                                     9.0097732040764922e-01
59                                     9.6898018928763197e-01
60                                     8.9644104656339596e-01
61                                     1.0205436745454470e+00
62                                     9.2886135762353228e-01
63                                     9.3099717586093889e-01
64                                     9.0251034351312842e-01
65                                     1.0441096325693575e+00
66                                     1.3726790452174928e+00
67                                     1.3664998666157273e+00
68                                     9.8529766786058348e-01
69                                     1.4020455849801650e+00
70                                     9.8448314919440061e-01
71                                     1.3738743587637856e+00
72                                     9.8757456489144635e-01
73                                     1.3868057607378406e+00
74                                     9.7446372298095418e-01
75                                     1.4056160658736641e+00
76                                     9.8986843506943700e-01
77                                     2.0552850918307226e+00
78                                     1.2225566555872889e+00
79                                     8.8307385654865267e-01
80                                     1.0076001150554181e+00
81                                     9.1707943020013660e-01
82                                     1.0421089446486522e+00
83                                     8.5179749029895846e-01
84                                     9.5592472780732474e-01
85                                     9.4661641140502850e-01
86                                     9.5761550030824860e-01
87                                     2.1295699756234674e+00
   &ATNO [&Type "ArrayOfIntegers", &Dim (85,1)] "Atomic number of the elements"
                                                         0

0                                                        7
1                                                        1
2                                                        6
3                                                        1
4                                                        6
5                                                        1
6                                                        1
7                                                        6
8                                                        1
9                                                        6
10                                                       1
11                                                       1
12                                                       1
13                                                       6
14                                                       1
15                                                       1
16                                                       1
17                                                       6
18                                                       8
19                                                       7
20                                                       1
21                                                       6
22                                                       1
23                                                       6
24                                                       1
25                                                       6
26                                                       1
27                                                       1
28                                                       1
29                                                       6
30                                                       1
31                                                       1
32                                                       1
33                                                       6
34                                                       8
35                                                       7
36                                                       1
37                                                       6
38                                                       1
39                                                       6
40                                                       1
41                                                       1
42                                                       6
43                                                       6
44                                                       1
45                                                       6
46                                                       1
47                                                       6
48                                                       1
49                                                       6
50                                                       1
51                                                       6
52                                                       1
53                                                       6
54                                                       8
55                                                       7
56                                                       1
57                                                       6
58                                                       1
59                                                       6
60                                                       1
61                                                       1
62                                                       6
63                                                       6
64                                                       1
65                                                       6
66                                                       1
67                                                       6
68                                                       1
69                                                       6
70                                                       1
71                                                       6
72                                                       1
73                                                       6
74                                                       8
75                                                       7
76                                                       1
77                                                       6
78                                                       1
79                                                       6
80                                                       1
81                                                       1
82                                                       1
83                                                       6
84                                                       8
   &NA [&Type "ArrayOfDoubles", &Dim (85,1)] "Mulliken gross atomic population"
                                                         0

0                                      7.3053247562144961e+00
1                                      9.1395975722734302e-01
2                                      5.9083070628881238e+00
3                                      9.9412721285884520e-01
4                                      5.9849911603446344e+00
5                                      1.0215696808202475e+00
6                                      1.0100359473737821e+00
7                                      6.0961818706273458e+00
8                                      1.0163203277039969e+00
9                                      5.9552573424310564e+00
10                                     9.7762156207921369e-01
11                                     9.9839150103552221e-01
12                                     9.9383734595930007e-01
13                                     5.9376877436642657e+00
14                                     1.0105653816671647e+00
15                                     1.0071553882121804e+00
16                                     9.9090515053095984e-01
17                                     5.9063340690026376e+00
18                                     8.3155230046327731e+00
19                                     7.1171041304273457e+00
20                                     8.7838075416264738e-01
21                                     5.8575471793205320e+00
22                                     1.0042059981158653e+00
23                                     6.1591094855767050e+00
24                                     1.0178706709518539e+00
25                                     5.9102443322023852e+00
26                                     1.0007516450116709e+00
27                                     9.7673646383007340e-01
28                                     9.8352797597609509e-01
29                                     5.9336704478314717e+00
30                                     9.6736832460800526e-01
31                                     9.9944910108349050e-01
32                                     1.0043535671226651e+00
33                                     5.8967758892671762e+00
34                                     8.2606716156764008e+00
35                                     7.1333165561664869e+00
36                                     8.7409826315328165e-01
37                                     5.8847354998641155e+00
38                                     9.8579103690915182e-01
39                                     5.8661279321969140e+00
40                                     1.0093138384843368e+00
41                                     9.9369631892782961e-01
42                                     6.0103566795907089e+00
43                                     5.9913856678188573e+00
44                                     1.0349615811409576e+00
45                                     5.9623442496653958e+00
46                                     1.0235045346263829e+00
47                                     5.9715544012590378e+00
48                                     1.0271056943066301e+00
49                                     5.9835163562224203e+00
50                                     1.0359573136947151e+00
51                                     6.0020545019364322e+00
52                                     1.0264937711672073e+00
53                                     5.9315644485070074e+00
54                                     8.2443175991278679e+00
55                                     7.1491828613866879e+00
56                                     8.8718497195506463e-01
57                                     5.9003832892042061e+00
58                                     9.8446834134048156e-01
59                                     5.8636354537912201e+00
60                                     9.7343491965052364e-01
61                                     1.0106830206359825e+00
62                                     5.9921062787084871e+00
63                                     6.0206176853365081e+00
64                                     1.0186621912139258e+00
65                                     5.9671643317951926e+00
66                                     1.0153913347434851e+00
67                                     5.9791142821420884e+00
68                                     1.0153815311469037e+00
69                                     5.9777738545242292e+00
70                                     1.0154972919130274e+00
71                                     6.0295227322151987e+00
72                                     1.0265990360988853e+00
73                                     5.9121138341217314e+00
74                                     8.2434206835025599e+00
75                                     7.1445717719141921e+00
76                                     8.5657094368411180e-01
77                                     5.9413337782590805e+00
78                                     9.4984454646856620e-01
79                                     5.9917979459626469e+00
80                                     9.6871178770029231e-01
81                                     9.7103273186207162e-01
82                                     9.4391069531231653e-01
83                                     5.8418999576740633e+00
84                                     8.1039278245324891e+00
   &ZA [&Type "ArrayOfDoubles", &Dim (85,1)] "Total nuclear charge"
                                                         0

0                                      7.0000000000000000e+00
1                                      1.0000000000000000e+00
2                                      6.0000000000000000e+00
3                                      1.0000000000000000e+00
4                                      6.0000000000000000e+00
5                                      1.0000000000000000e+00
6                                      1.0000000000000000e+00
7                                      6.0000000000000000e+00
8                                      1.0000000000000000e+00
9                                      6.0000000000000000e+00
10                                     1.0000000000000000e+00
11                                     1.0000000000000000e+00
12                                     1.0000000000000000e+00
13                                     6.0000000000000000e+00
14                                     1.0000000000000000e+00
15                                     1.0000000000000000e+00
16                                     1.0000000000000000e+00
17                                     6.0000000000000000e+00
18                                     8.0000000000000000e+00
19                                     7.0000000000000000e+00
20                                     1.0000000000000000e+00
21                                     6.0000000000000000e+00
22                                     1.0000000000000000e+00
23                                     6.0000000000000000e+00
24                                     1.0000000000000000e+00
25                                     6.0000000000000000e+00
26                                     1.0000000000000000e+00
27                                     1.0000000000000000e+00
28                                     1.0000000000000000e+00
29                                     6.0000000000000000e+00
30                                     1.0000000000000000e+00
31                                     1.0000000000000000e+00
32                                     1.0000000000000000e+00
33                                     6.0000000000000000e+00
34                                     8.0000000000000000e+00
35                                     7.0000000000000000e+00
36                                     1.0000000000000000e+00
37                                     6.0000000000000000e+00
38                                     1.0000000000000000e+00
39                                     6.0000000000000000e+00
40                                     1.0000000000000000e+00
41                                     1.0000000000000000e+00
42                                     6.0000000000000000e+00
43                                     6.0000000000000000e+00
44                                     1.0000000000000000e+00
45                                     6.0000000000000000e+00
46                                     1.0000000000000000e+00
47                                     6.0000000000000000e+00
48                                     1.0000000000000000e+00
49                                     6.0000000000000000e+00
50                                     1.0000000000000000e+00
51                                     6.0000000000000000e+00
52                                     1.0000000000000000e+00
53                                     6.0000000000000000e+00
54                                     8.0000000000000000e+00
55                                     7.0000000000000000e+00
56                                     1.0000000000000000e+00
57                                     6.0000000000000000e+00
58                                     1.0000000000000000e+00
59                                     6.0000000000000000e+00
60                                     1.0000000000000000e+00
61                                     1.0000000000000000e+00
62                                     6.0000000000000000e+00
63                                     6.0000000000000000e+00
64                                     1.0000000000000000e+00
65                                     6.0000000000000000e+00
66                                     1.0000000000000000e+00
67                                     6.0000000000000000e+00
68                                     1.0000000000000000e+00
69                                     6.0000000000000000e+00
70                                     1.0000000000000000e+00
71                                     6.0000000000000000e+00
72                                     1.0000000000000000e+00
73                                     6.0000000000000000e+00
74                                     8.0000000000000000e+00
75                                     7.0000000000000000e+00
76                                     1.0000000000000000e+00
77                                     6.0000000000000000e+00
78                                     1.0000000000000000e+00
79                                     6.0000000000000000e+00
80                                     1.0000000000000000e+00
81                                     1.0000000000000000e+00
82                                     1.0000000000000000e+00
83                                     6.0000000000000000e+00
84                                     8.0000000000000000e+00
   &QA [&Type "ArrayOfDoubles", &Dim (85,1)] "Mulliken gross atomic charge"
                                                         0

0                                     -3.0532475621449606e-01
1                                      8.6040242772656983e-02
2                                      9.1692937111876205e-02
3                                      5.8727871411548005e-03
4                                      1.5008839655365591e-02
5                                     -2.1569680820247461e-02
6                                     -1.0035947373782106e-02
7                                     -9.6181870627345845e-02
8                                     -1.6320327703996940e-02
9                                      4.4742657568943578e-02
10                                     2.2378437920786309e-02
11                                     1.6084989644777892e-03
12                                     6.1626540406999331e-03
13                                     6.2312256335734340e-02
14                                    -1.0565381667164697e-02
15                                    -7.1553882121804246e-03
16                                     9.0948494690401560e-03
17                                     9.3665930997362423e-02
18                                    -3.1552300463277305e-01
19                                    -1.1710413042734569e-01
20                                     1.2161924583735262e-01
21                                     1.4245282067946796e-01
22                                    -4.2059981158653059e-03
23                                    -1.5910948557670501e-01
24                                    -1.7870670951853906e-02
25                                     8.9755667797614791e-02
26                                    -7.5164501167090947e-04
27                                     2.3263536169926602e-02
28                                     1.6472024023904908e-02
29                                     6.6329552168528316e-02
30                                     3.2631675391994741e-02
31                                     5.5089891650950129e-04
32                                    -4.3535671226651029e-03
33                                     1.0322411073282378e-01
34                                    -2.6067161567640085e-01
35                                    -1.3331655616648685e-01
36                                     1.2590173684671835e-01
37                                     1.1526450013588452e-01
38                                     1.4208963090848181e-02
39                                     1.3387206780308603e-01
40                                    -9.3138384843367561e-03
41                                     6.3036810721703862e-03
42                                    -1.0356679590708850e-02
43                                     8.6143321811427143e-03
44                                    -3.4961581140957598e-02
45                                     3.7655750334604221e-02
46                                    -2.3504534626382911e-02
47                                     2.8445598740962197e-02
48                                    -2.7105694306630124e-02
49                                     1.6483643777579715e-02
50                                    -3.5957313694715110e-02
51                                    -2.0545019364321959e-03
52                                    -2.6493771167207303e-02
53                                     6.8435551492992630e-02
54                                    -2.4431759912786788e-01
55                                    -1.4918286138668790e-01
56                                     1.1281502804493537e-01
57                                     9.9616710795793928e-02
58                                     1.5531658659518444e-02
59                                     1.3636454620877991e-01
60                                     2.6565080349476355e-02
61                                    -1.0683020635982476e-02
62                                     7.8937212915128896e-03
63                                    -2.0617685336508096e-02
64                                    -1.8662191213925761e-02
65                                     3.2835668204807433e-02
66                                    -1.5391334743485086e-02
67                                     2.0885717857911601e-02
68                                    -1.5381531146903660e-02
69                                     2.2226145475770842e-02
70                                    -1.5497291913027400e-02
71                                    -2.9522732215198744e-02
72                                    -2.6599036098885254e-02
73                                     8.7886165878268585e-02
74                                    -2.4342068350255985e-01
75                                    -1.4457177191419213e-01
76                                     1.4342905631588820e-01
77                                     5.8666221740919511e-02
78                                     5.0155453531433802e-02
79                                     8.2020540373530793e-03
80                                     3.1288212299707685e-02
81                                     2.8967268137928381e-02
82                                     5.6089304687683472e-02
83                                     1.5810004232593666e-01
84                                    -1.0392782453248905e-01
   &VA [&Type "ArrayOfDoubles", &Dim (85,1)] "Mayer's total valence"
                                                         0

0                                      2.9689570728733319e+00
1                                      1.0050033332513517e+00
2                                      4.0240983919295950e+00
3                                      1.0030992068744620e+00
4                                      3.9942990618739866e+00
5                                      1.0056019595768977e+00
6                                      1.0021976168908884e+00
7                                      4.1801775205128759e+00
8                                      9.7017424598135527e-01
9                                      3.9693219884773736e+00
10                                     1.0220333373596879e+00
11                                     9.9446850187945468e-01
12                                     9.8988490885067304e-01
13                                     3.9742989876855175e+00
14                                     9.9624280375921159e-01
15                                     9.8802195295992612e-01
16                                     9.8647758148650522e-01
17                                     4.1870899237665675e+00
18                                     2.1974682583903800e+00
19                                     3.2482701604551876e+00
20                                     1.0276232016378302e+00
21                                     3.8628767474028241e+00
22                                     1.0215365093004432e+00
23                                     4.2703372459795306e+00
24                                     9.7097058468782482e-01
25                                     3.9421406668310643e+00
26                                     1.0013355388890772e+00
27                                     1.0026863638369756e+00
28                                     9.9451819529329233e-01
29                                     3.9883250762175280e+00
30                                     1.0110068838211097e+00
31                                     9.9461028201383794e-01
32                                     9.8479066297346929e-01
33                                     4.3341886428171144e+00
34                                     2.2677176109934818e+00
35                                     3.1966577593420311e+00
36                                     1.0168484075927438e+00
37                                     3.8968622043852816e+00
38                                     1.0262153539940919e+00
39                                     3.9449967507719981e+00
40                                     9.9858413920926747e-01
41                                     9.8363111828095084e-01
42                                     3.9449243254575670e+00
43                                     3.8694751697590299e+00
44                                     9.8460389654910330e-01
45                                     3.8384077971901638e+00
46                                     9.7767013893282884e-01
47                                     3.8341878870356254e+00
48                                     9.7655920008839203e-01
49                                     3.8889252482593126e+00
50                                     9.8866598258290572e-01
51                                     3.8574792682186834e+00
52                                     9.9732924902097642e-01
53                                     4.3580560645461066e+00
54                                     2.2871437839199116e+00
55                                     3.1869950886683398e+00
56                                     1.0412460142017068e+00
57                                     3.8814652714868605e+00
58                                     1.0323904036113039e+00
59                                     3.8856303137006805e+00
60                                     9.8573095888299467e-01
61                                     1.0398154878079073e+00
62                                     3.9077564482142124e+00
63                                     3.8620984884284639e+00
64                                     9.8773700508451534e-01
65                                     3.8606320278587511e+00
66                                     9.7710955324427606e-01
67                                     3.8299923142010326e+00
68                                     9.7915654419710119e-01
69                                     3.8782533822764194e+00
70                                     9.7856370496394385e-01
71                                     3.8829702104024193e+00
72                                     1.0002395654168819e+00
73                                     4.3114455334542363e+00
74                                     2.2740943109284704e+00
75                                     3.2073077174733911e+00
76                                     1.0486350657647423e+00
77                                     3.9942118426440203e+00
78                                     1.0062294804414218e+00
79                                     3.9553951370599751e+00
80                                     9.9219118287486630e-01
81                                     1.0126466347612384e+00
82                                     1.0198347878570342e+00
83                                     3.5954456087366653e+00
84                                     2.4790642708931596e+00
   &BVA [&Type "ArrayOfDoubles", &Dim (85,1)] "Mayer's bonded valence"
                                                         0

0                                      2.9689570728733781e+00
1                                      1.0050033332513464e+00
2                                      4.0240983919295470e+00
3                                      1.0030992068744569e+00
4                                      3.9942990618739951e+00
5                                      1.0056019595769166e+00
6                                      1.0021976168908899e+00
7                                      4.1801775205129665e+00
8                                      9.7017424598137803e-01
9                                      3.9693219884773905e+00
10                                     1.0220333373596946e+00
11                                     9.9446850187946023e-01
12                                     9.8988490885067038e-01
13                                     3.9742989876855779e+00
14                                     9.9624280375921670e-01
15                                     9.8802195295993123e-01
16                                     9.8647758148652620e-01
17                                     4.1870899237666137e+00
18                                     2.1974682583903000e+00
19                                     3.2482701604553226e+00
20                                     1.0276232016378264e+00
21                                     3.8628767474028400e+00
22                                     1.0215365093004445e+00
23                                     4.2703372459795377e+00
24                                     9.7097058468780506e-01
25                                     3.9421406668310439e+00
26                                     1.0013355388890659e+00
27                                     1.0026863638369845e+00
28                                     9.9451819529328600e-01
29                                     3.9883250762174796e+00
30                                     1.0110068838211059e+00
31                                     9.9461028201383517e-01
32                                     9.8479066297347539e-01
33                                     4.3341886428170628e+00
34                                     2.2677176109934756e+00
35                                     3.1966577593419929e+00
36                                     1.0168484075927486e+00
37                                     3.8968622043853371e+00
38                                     1.0262153539941137e+00
39                                     3.9449967507719470e+00
40                                     9.9858413920926070e-01
41                                     9.8363111828093763e-01
42                                     3.9449243254575665e+00
43                                     3.8694751697591547e+00
44                                     9.8460389654911029e-01
45                                     3.8384077971901198e+00
46                                     9.7767013893283616e-01
47                                     3.8341878870356769e+00
48                                     9.7655920008840535e-01
49                                     3.8889252482594387e+00
50                                     9.8866598258291560e-01
51                                     3.8574792682186656e+00
52                                     9.9732924902095610e-01
53                                     4.3580560645460427e+00
54                                     2.2871437839198956e+00
55                                     3.1869950886683229e+00
56                                     1.0412460142016930e+00
57                                     3.8814652714868823e+00
58                                     1.0323904036112974e+00
59                                     3.8856303137008168e+00
60                                     9.8573095888299678e-01
61                                     1.0398154878079162e+00
62                                     3.9077564482142564e+00
63                                     3.8620984884284715e+00
64                                     9.8773700508450724e-01
65                                     3.8606320278586947e+00
66                                     9.7710955324426041e-01
67                                     3.8299923142009851e+00
68                                     9.7915654419707643e-01
69                                     3.8782533822763683e+00
70                                     9.7856370496395206e-01
71                                     3.8829702104023585e+00
72                                     1.0002395654168810e+00
73                                     4.3114455334543083e+00
74                                     2.2740943109285787e+00
75                                     3.2073077174734408e+00
76                                     1.0486350657647536e+00
77                                     3.9942118426439874e+00
78                                     1.0062294804414156e+00
79                                     3.9553951370599325e+00
80                                     9.9219118287486407e-01
81                                     1.0126466347612255e+00
82                                     1.0198347878570304e+00
83                                     3.5954456087366427e+00
84                                     2.4790642708930566e+00
   &FA [&Type "ArrayOfDoubles", &Dim (85,1)] "Mayer's free valence"
                                                         0

0                                      0.0000000000000000e+00
1                                      0.0000000000000000e+00
2                                      0.0000000000000000e+00
3                                      0.0000000000000000e+00
4                                      0.0000000000000000e+00
5                                      0.0000000000000000e+00
6                                      0.0000000000000000e+00
7                                      0.0000000000000000e+00
8                                      0.0000000000000000e+00
9                                      0.0000000000000000e+00
10                                     0.0000000000000000e+00
11                                     0.0000000000000000e+00
12                                     0.0000000000000000e+00
13                                     0.0000000000000000e+00
14                                     0.0000000000000000e+00
15                                     0.0000000000000000e+00
16                                     0.0000000000000000e+00
17                                     0.0000000000000000e+00
18                                     0.0000000000000000e+00
19                                     0.0000000000000000e+00
20                                     0.0000000000000000e+00
21                                     0.0000000000000000e+00
22                                     0.0000000000000000e+00
23                                     0.0000000000000000e+00
24                                     0.0000000000000000e+00
25                                     0.0000000000000000e+00
26                                     0.0000000000000000e+00
27                                     0.0000000000000000e+00
28                                     0.0000000000000000e+00
29                                     0.0000000000000000e+00
30                                     0.0000000000000000e+00
31                                     0.0000000000000000e+00
32                                     0.0000000000000000e+00
33                                     0.0000000000000000e+00
34                                     0.0000000000000000e+00
35                                     0.0000000000000000e+00
36                                     0.0000000000000000e+00
37                                     0.0000000000000000e+00
38                                     0.0000000000000000e+00
39                                     0.0000000000000000e+00
40                                     0.0000000000000000e+00
41                                     0.0000000000000000e+00
42                                     0.0000000000000000e+00
43                                     0.0000000000000000e+00
44                                     0.0000000000000000e+00
45                                     0.0000000000000000e+00
46                                     0.0000000000000000e+00
47                                     0.0000000000000000e+00
48                                     0.0000000000000000e+00
49                                     0.0000000000000000e+00
50                                     0.0000000000000000e+00
51                                     0.0000000000000000e+00
52                                     0.0000000000000000e+00
53                                     0.0000000000000000e+00
54                                     0.0000000000000000e+00
55                                     0.0000000000000000e+00
56                                     0.0000000000000000e+00
57                                     0.0000000000000000e+00
58                                     0.0000000000000000e+00
59                                     0.0000000000000000e+00
60                                     0.0000000000000000e+00
61                                     0.0000000000000000e+00
62                                     0.0000000000000000e+00
63                                     0.0000000000000000e+00
64                                     0.0000000000000000e+00
65                                     0.0000000000000000e+00
66                                     0.0000000000000000e+00
67                                     0.0000000000000000e+00
68                                     0.0000000000000000e+00
69                                     0.0000000000000000e+00
70                                     0.0000000000000000e+00
71                                     0.0000000000000000e+00
72                                     0.0000000000000000e+00
73                                     0.0000000000000000e+00
74                                     0.0000000000000000e+00
75                                     0.0000000000000000e+00
76                                     0.0000000000000000e+00
77                                     0.0000000000000000e+00
78                                     0.0000000000000000e+00
79                                     0.0000000000000000e+00
80                                     0.0000000000000000e+00
81                                     0.0000000000000000e+00
82                                     0.0000000000000000e+00
83                                     0.0000000000000000e+00
84                                     0.0000000000000000e+00
   &Method [&Type "String"] "SCF"
   &Level [&Type "String"] "Relaxed density"
   &Mult [&Type "Integer"] 1
   &State [&Type "Integer"] -1
   &Irrep [&Type "Integer"] 0
$End
$SCF_Energy
   &GeometryIndex 1
   &Method [&Type "String"] "SCF"
   &totalEnergy [&Type "ArrayOfDoubles", &Dim (1,1)] "Total energy of each state"
                                                         0

0                                     -1.8924744653193491e+03
   &Mult [&Type "ArrayOfIntegers", &Dim (1,1)] "Multiplicity of each state"
                                                         0

0                                                        1
$End
$DFT_Energy
   &GeometryIndex 1
   &nAlphaEl [&Type "Integer"] 154
   &nBetaEl [&Type "Integer"] 154
   &nTotalEl [&Type "Integer"] 309
   &finalEn [&Type "Double"]      -1.8924744653193491e+03  "No Van der Waals correction"
   &eExchange [&Type "Double"]      -2.0270070094770230e+02
   &eCorr [&Type "Double"]      -1.2357640640745865e+01
   &eXC [&Type "Double"]      -2.1505834158844817e+02
   &eCNL [&Type "Double"]       0.0000000000000000e+00
$End
$SCF_Timings
   &GeometryIndex 1
   &TOTAL [&Type "Double"]       1.2835591319999999e+03
   &PREP [&Type "Double"]       7.1017500000000000e-01
   &FOCK [&Type "Double"]       1.2564870040000003e+03
   &DENS [&Type "Double"]       1.7805879999998524e+00
   &ETOT [&Type "Double"]       4.6975399999981704e-01
   &POP [&Type "Double"]       1.5810600000008890e-01
   &TRAFO [&Type "Double"]       4.0182500000014656e+00
   &DIIS [&Type "Double"]       1.7263803000000198e+01
   &SOSCF [&Type "Double"]       1.0999999979333097e-05
   &NR [&Type "Double"]       1.7398999999954867e-02
   &XC [&Type "Double"]       9.8654073999999980e+01
   &FOCKSTART [&Type "Double"]       1.2049500000028712e-01
   &INT_PREP [&Type "Double"]       1.4000000323477479e-05
   &INT_BF [&Type "Double"]       3.5381414999992444e+01
   &INT_DENS [&Type "Double"]       2.8578465000000286e+01
   &INT_DENSIO [&Type "Double"]       2.8270698315149073e+07
   &INT_FUNC [&Type "Double"]       2.4480040000012515e+00
   &INT_POT [&Type "Double"]       2.2858596000004908e+01
   &INT_POTIO [&Type "Double"]       2.4542300000193507e-01
   &INT_SUM [&Type "Double"]       1.2669999996326453e-03
   &SPLITRIJ [&Type "Double"]       2.5737480000000056e+02
   &COSX [&Type "Double"]       8.9767108299999938e+02
$End
$VdW_Correction
   &GeometryIndex 1
   &vdW [&Type "Double"]      -1.9850613316393248e-01
$End
$Single_Point_Data
   &GeometryIndex 1
   &FinalEnergy [&Type "Double"]      -1.8926729714525129e+03  "Final single point energy"
   &Converged [&Type "Boolean"] true
$End
$Calculation_Info
   &GeometryIndex 1
   &Mult [&Type "Integer"] 1
   &Charge [&Type "Integer"] 0
   &NumOfAtoms [&Type "Integer"] 85
   &NumOfElectrons [&Type "Integer"] 310
   &NumOfBasisFuncts [&Type "Integer"] 803
   &NumOfAuxCBasisFuncts [&Type "Integer"] 0
   &NumOfAuxJBasisFuncts [&Type "Integer"] 2531
   &NumOfAuxJKBasisFuncts [&Type "Integer"] 0
   &NumOfCABSBasisFuncts [&Type "Integer"] 0
$End
$SCF_Dipole_Moment
   &GeometryIndex 1
   &dipoleMagnitude [&Type "Double", &Units "a.u."]       3.6022579454204933e+00
   &dipoleElecContrib [&Type "ArrayOfDoubles", &Dim (3,1)] "Electronic contribution"
                                                         0

0                                      2.1725855556877100e+01
1                                     -4.3613603201657725e+00
2                                     -3.7868762657889228e+01
   &dipoleNucContrib [&Type "ArrayOfDoubles", &Dim (3,1)] "Nuclear contribution"
                                                         0

0                                     -2.3276117246178671e+01
1                                      3.5641714804902591e+00
2                                      4.1021133345788371e+01
   &dipoleTotal [&Type "ArrayOfDoubles", &Dim (3,1)] "Total"
                                                         0

0                                     -1.5502616893015713e+00
1                                     -7.9718883967551335e-01
2                                      3.1523706878991433e+00
   &doAtomicDipole [&Type "Boolean"] false
   &Method [&Type "String"] "SCF"
   &Level [&Type "String"] "Relaxed density"
   &Mult [&Type "Integer"] 1
   &State [&Type "Integer"] -1
   &Irrep [&Type "Integer"] 0
$End
$Calculation_Timings
   &GeometryIndex 1
   &GTOINT [&Type "Double"]       9.9038539999999990e+00
   &SCF [&Type "Double"]       1.2891779840000002e+03
   &PROP [&Type "Double"]       7.3498700000004646e-01
   &SUM [&Type "Double"]       1.2998168250000001e+03
$End
