*************************************************
******************* ORCA 6.1.0-f.0 ******************
*************************************************
$Calculation_Status
   &GeometryIndex 1
   &version [&Type "String"] "6.1.0-f.0"
   &progName [&Type "String"] "ProgCAS"
   &Status [&Type "String"] "NORMAL TERMINATION"
$End
$Geometry
   &GeometryIndex 1
   &NAtoms [&Type "Integer"] 85
   &NCorelessECP [&Type "Integer"] 0
   &NGhostAtoms [&Type "Integer"] 0
   &CartesianCoordinates [&Type "Coordinates", &Dim(85,4), &Units "Bohr"] 
              N     82.548906708082  102.022534518141   96.381702008386
              H     84.363043796646  102.551657835638   96.098243088297
              C     81.887502561210   99.206842578598   96.608469144456
              H     80.148954518002   99.112356271902   97.723407563470
              C     81.679632686478   98.054109636906   93.906160772949
              H     81.074920323623   96.088794457628   94.114030647680
              H     83.512667036382   98.073006898245   92.999092228667
              C     79.922187381931   99.055664487884   91.808564764296
              H     80.356824392733  101.058774189841   91.619592150904
              C     80.470207960769   97.789547978157   89.333023528859
              H     79.317475019077   98.696616522439   87.896831667079
              H     82.435523140047   98.091904159584   88.766105688683
              H     80.092262733984   95.767541014861   89.351920790199
              C     77.125392703728   98.450952125029   92.583352479204
              H     76.917522828997   99.187945317259   94.491975874464
              H     75.783687148644   99.263534362616   91.222749662781
              H     76.804139260961   96.428945161734   92.488866172508
              C     83.796125956470   97.846239762175   98.158044574272
              O     85.950413749140   98.564335693065   97.950174699540
              N     83.191413593615   95.937616366914   99.688722742748
              H     81.358379243712   95.710849230844  100.198948798907
              C     84.986653420840   94.312451891742  100.954839252475
              H     85.515776738338   95.238417697363  102.693387295683
              C     83.626050604417   91.950294224340  102.088674932828
              H     81.981988867906   92.649492893891  103.090229783806
              C     82.983543718884   89.814903693009  100.047770708193
              H     82.303242310672   88.076355649802  100.935941991136
              H     81.660735425139   90.532999623899   98.649373369091
              H     84.722091762091   89.701520124974   98.951729550518
              C     85.270112340929   90.703074975952  104.129579157463
              H     86.706304202709   89.569239295599  103.203613351841
              H     85.818132919766   92.063677792376  105.584668280582
              H     84.079584876558   89.399163943547  105.168928531119
              C     87.367708349581   93.613253222191   99.537544652034
              O     87.159838474850   93.197513472728   97.213181507311
              N     89.578687926269   93.575458699513  100.822558423101
              H     89.729866016983   93.726636790226  102.712284557022
              C     91.846359286975   92.687287416570   99.745414526765
              H     91.525105844208   92.195958621750   97.761202086148
              C     93.981749818306   94.765986163883   99.802106310783
              H     94.435284090447   95.125034129328  101.767421490061
              H     93.358140194112   96.580123252447   99.084010379893
              C     96.230523917672   94.104582017011   98.290325403646
              C     98.101352790254   92.668390155230   99.443058345338
              H     97.969071960879   92.082575053715  101.408373524616
              C    100.085565230871   91.723527088270   97.893482915523
              H    101.351681740598   90.325129749168   98.668270630430
              C    100.482407718995   92.441623019160   95.380147157407
              H    102.258750284881   91.950294224340   94.510873135804
              C     98.781654198466   94.047890232993   94.208516954376
              H     98.970626811858   94.558116289152   92.243201775098
              C     96.608469144456   94.765986163883   95.663606077496
              H     95.096688237319   95.805335537540   94.756537533213
              C     92.602249740543   90.155054397115  101.068222820510
              O     92.602249740543   90.117259874437  103.411483226573
              N     92.904605921970   88.076355649802   99.764311788105
              H     93.017989490006   88.284225524533   97.874585654183
              C     93.263653887416   85.544122630347  100.954839252475
              H     94.454181351786   85.884273334453  102.598900988987
              C     90.693626345283   84.410286949994  101.710729706044
              H     89.540893403591   85.789787027757  102.712284557022
              H     91.166057878763   82.917403304197  103.052435261128
              C     89.200742699485   83.427629360355   99.480852868016
              C     88.180290587167   85.203971926241   97.742304824809
              H     88.236982371185   87.207081628198   98.063558267576
              C     86.989763122797   84.221314336602   95.455736202764
              H     86.252769930568   85.733095243739   94.284105999733
              C     86.725201464048   81.707978578487   94.983304669284
              H     85.893721965123   81.197752522328   93.188064842059
              C     87.707859053687   79.856046967244   96.646263667135
              H     87.670064531009   77.834040003949   96.287215701690
              C     89.068461870110   80.800910034205   98.838345982483
              H     89.937735891714   79.515896263138  100.161154276228
              C     94.832126578570   83.578807451069   99.594236436052
              O     95.285660850711   81.481211442417  100.444613196316
              N     95.758092384192   84.202417075263   97.383256859364
              H     95.172277282676   85.884273334453   96.684058189813
              C     97.326565075346   82.633944384108   95.852578690888
              H     98.706065153109   81.537903226434   96.929722587223
              C     95.701400600174   80.838704556883   94.227414215715
              H     94.340797783751   81.840259407862   93.036886751345
              H     96.948619848562   79.591485308495   93.150270319380
              H     94.643153965178   79.572588047156   95.455736202764
              C     99.084010379893   84.202417075263   94.132927909019
              O     98.441503494360   86.318910345255   93.395934716790
$End
$CAS_SCF_Energies
   &GeometryIndex 1
   &finalEnergy [&Type "Double"]      -1.8596641130472949e+03  "Final GS or SA energy"
   &numOfElectrons [&Type "Integer"] 310
   &numOfActiveEl [&Type "Integer"] 4 "Number of active electrons"
   &numOfActiveOrbs [&Type "Integer"] 4 "Number of active orbitals"
   &numOfFCElectrons [&Type "Integer"] 0
   &Method [&Type "String"] "CASSCF"
   &totalEnergy [&Type "ArrayOfDoubles", &Dim (1,1)] "Total energy of each state"
                                                         0

0                                     -1.8596641130472949e+03
   &Mult [&Type "ArrayOfIntegers", &Dim (1,1)] "Multiplicity of each state"
                                                         0

0                                                        1
   &RelCorr [&Type "String"] "None" "Relativistic correction (SOC and/or SSC)"
   &NBlocks [&Type "Integer"] 1 "Number of multiplicity blocks"
   &NRoots [&Type "ArrayOfIntegers", &Dim (1,1)] "Number of roots in each block"
                                                         0

0                                                        1
   &NTotalRoots [&Type "Integer"] 1 "Total number of roots"
   &Block [&Type "ArrayOfIntegers", &Dim (1,1)] "Block index of each state"
                                                         0

0                                                        0
   &Root [&Type "ArrayOfIntegers", &Dim (1,1)] "Root index within the block"
                                                         0

0                                                        0
$End
$Mulliken_Population_Analysis
   &GeometryIndex 1
   &NAtoms [&Type "Integer"] 85
   &ATNO [&Type "ArrayOfIntegers", &Dim (85,1)] 
                                                         0

0                                                        7
1                                                        1
2                                                        6
3                                                        1
4                                                        6
5                                                        1
6                                                        1
7                                                        6
8                                                        1
9                                                        6
10                                                       1
11                                                       1
12                                                       1
13                                                       6
14                                                       1
15                                                       1
16                                                       1
17                                                       6
18                                                       8
19                                                       7
20                                                       1
21                                                       6
22                                                       1
23                                                       6
24                                                       1
25                                                       6
26                                                       1
27                                                       1
28                                                       1
29                                                       6
30                                                       1
31                                                       1
32                                                       1
33                                                       6
34                                                       8
35                                                       7
36                                                       1
37                                                       6
38                                                       1
39                                                       6
40                                                       1
41                                                       1
42                                                       6
43                                                       6
44                                                       1
45                                                       6
46                                                       1
47                                                       6
48                                                       1
49                                                       6
50                                                       1
51                                                       6
52                                                       1
53                                                       6
54                                                       8
55                                                       7
56                                                       1
57                                                       6
58                                                       1
59                                                       6
60                                                       1
61                                                       1
62                                                       6
63                                                       6
64                                                       1
65                                                       6
66                                                       1
67                                                       6
68                                                       1
69                                                       6
70                                                       1
71                                                       6
72                                                       1
73                                                       6
74                                                       8
75                                                       7
76                                                       1
77                                                       6
78                                                       1
79                                                       6
80                                                       1
81                                                       1
82                                                       1
83                                                       6
84                                                       8
   &AtomicCharges [&Type "ArrayOfDoubles", &Dim (85,1)] 
                                                         0

0                                     -2.4756834925207993e-01
1                                      1.5862998750799084e-01
2                                      6.0977311407164336e-03
3                                      6.1941385895969869e-02
4                                     -1.0421830068409665e-01
5                                      5.3797993904204811e-02
6                                      6.3850179201370150e-02
7                                     -1.5599690525418097e-02
8                                      5.8331128045308711e-02
9                                     -1.7849531345472958e-01
10                                     5.9329875086545525e-02
11                                     5.5200210721388476e-02
12                                     5.7497869971693705e-02
13                                    -1.7502249682355675e-01
14                                     6.0193590010545028e-02
15                                     5.4688067791150208e-02
16                                     5.4714401124876577e-02
17                                     3.0345548353006979e-01
18                                    -3.0311552621103033e-01
19                                    -3.6799426031677651e-01
20                                     1.9573279639155639e-01
21                                     5.0640630689567701e-02
22                                     5.9259590354793001e-02
23                                    -1.8536351236829063e-02
24                                     4.9502757432406397e-02
25                                    -1.8159967673622823e-01
26                                     6.5390125799256404e-02
27                                     5.9537568268546948e-02
28                                     6.7059446772503861e-02
29                                    -1.8601922615212629e-01
30                                     6.4052885630756284e-02
31                                     6.0166311892659197e-02
32                                     6.0977011315234364e-02
33                                     3.0145423575991703e-01
34                                    -2.8581298434717972e-01
35                                    -3.6965277121396500e-01
36                                     2.1931136987788935e-01
37                                     6.4509243388179982e-02
38                                     7.8256741622823478e-02
39                                    -1.1562253118064802e-01
40                                     6.8816856731135578e-02
41                                     7.7638632671116037e-02
42                                    -4.0206303152423573e-04
43                                    -7.1126941126201437e-02
44                                     6.2997962128517049e-02
45                                    -6.1606924373716510e-02
46                                     5.5664693712082269e-02
47                                    -6.5822195660123484e-02
48                                     6.6062653294200357e-02
49                                    -6.2762168269964391e-02
50                                     7.0170161309285994e-02
51                                    -6.1950188722233790e-02
52                                     5.6996259054387988e-02
53                                     2.8707100885825287e-01
54                                    -3.1366526394571004e-01
55                                    -3.7369502705548285e-01
56                                     1.9461011626153235e-01
57                                     4.9914578219143024e-02
58                                     9.8664204984359016e-02
59                                    -1.0743964392077299e-01
60                                     7.4465496768331141e-02
61                                     7.5808731293944831e-02
62                                    -1.3657914243720981e-03
63                                    -7.0374392265553531e-02
64                                     6.1936078676831152e-02
65                                    -6.3901113156645373e-02
66                                     6.3144713323785906e-02
67                                    -7.2498681579158841e-02
68                                     6.4527510018437706e-02
69                                    -5.7306074220106140e-02
70                                     6.9096902226629675e-02
71                                    -6.3521888993855136e-02
72                                     6.4251399713582291e-02
73                                     3.1214321139966650e-01
74                                    -3.0245950796481047e-01
75                                    -3.7200001669055460e-01
76                                     2.0228047787136338e-01
77                                     6.0176884878499592e-02
78                                     9.6702986636551636e-02
79                                    -1.7672163614633618e-01
80                                     6.9044628675830277e-02
81                                     6.7906920753279643e-02
82                                     7.9041800427382070e-02
83                                     1.6067379589744313e-01
84                                    -2.0551028823164330e-01
   &Method [&Type "String"] "CASSCF"
   &Level [&Type "String"] "Relaxed density"
   &Mult [&Type "Integer"] 1
   &State [&Type "Integer"] 0
   &Irrep [&Type "Integer"] 0
$End
$Loewdin_Population_Analysis
   &GeometryIndex 1
   &NAtoms [&Type "Integer"] 85
   &ATNO [&Type "ArrayOfIntegers", &Dim (85,1)] 
                                                         0

0                                                        7
1                                                        1
2                                                        6
3                                                        1
4                                                        6
5                                                        1
6                                                        1
7                                                        6
8                                                        1
9                                                        6
10                                                       1
11                                                       1
12                                                       1
13                                                       6
14                                                       1
15                                                       1
16                                                       1
17                                                       6
18                                                       8
19                                                       7
20                                                       1
21                                                       6
22                                                       1
23                                                       6
24                                                       1
25                                                       6
26                                                       1
27                                                       1
28                                                       1
29                                                       6
30                                                       1
31                                                       1
32                                                       1
33                                                       6
34                                                       8
35                                                       7
36                                                       1
37                                                       6
38                                                       1
39                                                       6
40                                                       1
41                                                       1
42                                                       6
43                                                       6
44                                                       1
45                                                       6
46                                                       1
47                                                       6
48                                                       1
49                                                       6
50                                                       1
51                                                       6
52                                                       1
53                                                       6
54                                                       8
55                                                       7
56                                                       1
57                                                       6
58                                                       1
59                                                       6
60                                                       1
61                                                       1
62                                                       6
63                                                       6
64                                                       1
65                                                       6
66                                                       1
67                                                       6
68                                                       1
69                                                       6
70                                                       1
71                                                       6
72                                                       1
73                                                       6
74                                                       8
75                                                       7
76                                                       1
77                                                       6
78                                                       1
79                                                       6
80                                                       1
81                                                       1
82                                                       1
83                                                       6
84                                                       8
   &AtomicCharges [&Type "ArrayOfDoubles", &Dim (85,1)] 
                                                         0

0                                     -1.7462680688781163e-01
1                                      1.0030654880215972e-01
2                                      2.6311058093946293e-02
3                                      2.7346802020338568e-02
4                                     -4.4274028159399847e-02
5                                      2.3152550376391745e-02
6                                      3.0272167363733615e-02
7                                      2.0965383227187218e-02
8                                      2.4199669526410283e-02
9                                     -9.1310596067717853e-02
10                                     2.9090424847230123e-02
11                                     2.5905128366226715e-02
12                                     2.7515132640629214e-02
13                                    -8.9435725914224662e-02
14                                     3.0172637501357458e-02
15                                     2.5823905581985218e-02
16                                     2.5357102914822183e-02
17                                     2.1007596148448293e-01
18                                    -2.5414654654928626e-01
19                                    -2.1714664806848027e-01
20                                     1.3202016824747587e-01
21                                     5.4979674653798938e-02
22                                     2.1299859994135195e-02
23                                     1.6076847912890990e-02
24                                     1.7098718756631937e-02
25                                    -9.5159393692678229e-02
26                                     3.4761324226425305e-02
27                                     2.9078977333419243e-02
28                                     3.6449739502605660e-02
29                                    -9.7899062372364121e-02
30                                     3.3244456360259300e-02
31                                     3.0467647590316171e-02
32                                     3.0406776588625006e-02
33                                     2.1991753017387072e-01
34                                    -2.5073125767309712e-01
35                                    -2.1013287139313697e-01
36                                     1.4939582503584725e-01
37                                     6.5854771230863918e-02
38                                     3.9964000242279973e-02
39                                    -5.2094466297170072e-02
40                                     3.4650016362357206e-02
41                                     4.1929367827051034e-02
42                                     5.6066176499731668e-03
43                                    -4.1626799070225928e-02
44                                     3.1231662850841779e-02
45                                    -3.0254020518595937e-02
46                                     2.4367001542465627e-02
47                                    -3.3531511725049867e-02
48                                     3.3138271010115905e-02
49                                    -2.8583290476433376e-02
50                                     3.6656821333649559e-02
51                                    -3.4975403638114244e-02
52                                     2.5352243626138082e-02
53                                     1.9507378992480540e-01
54                                    -2.7604942108333930e-01
55                                    -2.1663360568460632e-01
56                                     1.3198825141345039e-01
57                                     6.3246894802139408e-02
58                                     5.6174298613878570e-02
59                                    -4.4776925014705427e-02
60                                     3.9710026842370572e-02
61                                     4.0819394093106864e-02
62                                     4.0988666066761326e-03
63                                    -4.1413072871736567e-02
64                                     3.0300294654635129e-02
65                                    -3.2439093481617221e-02
66                                     3.0729087869194149e-02
67                                    -3.9143446984301278e-02
68                                     3.2003926021418549e-02
69                                    -2.4726096477764692e-02
70                                     3.6056190470034610e-02
71                                    -3.4375932648760710e-02
72                                     3.0921301992149708e-02
73                                     2.1868986452415040e-01
74                                    -2.6227224412051342e-01
75                                    -2.1302476947348481e-01
76                                     1.3785347368410661e-01
77                                     7.8510235155956565e-02
78                                     5.3744135737847087e-02
79                                    -8.9177927634544574e-02
80                                     3.6657680359165945e-02
81                                     3.6295268957615257e-02
82                                     4.4278373957806205e-02
83                                     7.6254972407808097e-02
84                                    -1.2388815690796307e-01
   &Method [&Type "String"] "CASSCF"
   &Level [&Type "String"] "Relaxed density"
   &Mult [&Type "Integer"] 1
   &State [&Type "Integer"] 0
   &Irrep [&Type "Integer"] 0
$End
$Mayer_Population_Analysis
   &GeometryIndex 1
   &NAtoms [&Type "Integer"] 85 "Total number of atoms"
   &NBondOrdersPrint [&Type "Integer"] 95 "The number of bond orders larger than threshold"
   &bondThresh [&Type "Double"]       1.0000000000000001e-01  "The threshold for printing"
   &components [&Type "ArrayOfIntegers", &Dim (95,4)] "The indices and atomic numbers of the bonding atoms"
                                                         0                           1                           2                           3

0                                                        0                           7                           1                           1
1                                                        0                           7                           2                           6
2                                                        2                           6                           3                           1
3                                                        2                           6                           4                           6
4                                                        2                           6                          17                           6
5                                                        4                           6                           5                           1
6                                                        4                           6                           6                           1
7                                                        4                           6                           7                           6
8                                                        7                           6                           8                           1
9                                                        7                           6                           9                           6
10                                                       7                           6                          13                           6
11                                                       9                           6                          10                           1
12                                                       9                           6                          11                           1
13                                                       9                           6                          12                           1
14                                                      13                           6                          14                           1
15                                                      13                           6                          15                           1
16                                                      13                           6                          16                           1
17                                                      17                           6                          18                           8
18                                                      17                           6                          19                           7
19                                                      18                           8                          19                           7
20                                                      19                           7                          20                           1
21                                                      19                           7                          21                           6
22                                                      21                           6                          22                           1
23                                                      21                           6                          23                           6
24                                                      21                           6                          33                           6
25                                                      23                           6                          24                           1
26                                                      23                           6                          25                           6
27                                                      23                           6                          29                           6
28                                                      25                           6                          26                           1
29                                                      25                           6                          27                           1
30                                                      25                           6                          28                           1
31                                                      29                           6                          30                           1
32                                                      29                           6                          31                           1
33                                                      29                           6                          32                           1
34                                                      33                           6                          34                           8
35                                                      33                           6                          35                           7
36                                                      34                           8                          35                           7
37                                                      35                           7                          36                           1
38                                                      35                           7                          37                           6
39                                                      37                           6                          38                           1
40                                                      37                           6                          39                           6
41                                                      37                           6                          53                           6
42                                                      39                           6                          40                           1
43                                                      39                           6                          41                           1
44                                                      39                           6                          42                           6
45                                                      42                           6                          43                           6
46                                                      42                           6                          47                           6
47                                                      42                           6                          51                           6
48                                                      43                           6                          44                           1
49                                                      43                           6                          45                           6
50                                                      43                           6                          49                           6
51                                                      45                           6                          46                           1
52                                                      45                           6                          47                           6
53                                                      45                           6                          51                           6
54                                                      47                           6                          48                           1
55                                                      47                           6                          49                           6
56                                                      49                           6                          50                           1
57                                                      49                           6                          51                           6
58                                                      51                           6                          52                           1
59                                                      53                           6                          54                           8
60                                                      53                           6                          55                           7
61                                                      54                           8                          55                           7
62                                                      55                           7                          56                           1
63                                                      55                           7                          57                           6
64                                                      57                           6                          58                           1
65                                                      57                           6                          59                           6
66                                                      57                           6                          73                           6
67                                                      59                           6                          60                           1
68                                                      59                           6                          61                           1
69                                                      59                           6                          62                           6
70                                                      62                           6                          63                           6
71                                                      62                           6                          71                           6
72                                                      63                           6                          64                           1
73                                                      63                           6                          65                           6
74                                                      63                           6                          69                           6
75                                                      65                           6                          66                           1
76                                                      65                           6                          67                           6
77                                                      65                           6                          71                           6
78                                                      67                           6                          68                           1
79                                                      67                           6                          69                           6
80                                                      69                           6                          70                           1
81                                                      69                           6                          71                           6
82                                                      71                           6                          72                           1
83                                                      73                           6                          74                           8
84                                                      73                           6                          75                           7
85                                                      74                           8                          75                           7
86                                                      75                           7                          76                           1
87                                                      75                           7                          77                           6
88                                                      77                           6                          78                           1
89                                                      77                           6                          79                           6
90                                                      77                           6                          83                           6
91                                                      79                           6                          80                           1
92                                                      79                           6                          81                           1
93                                                      79                           6                          82                           1
94                                                      83                           6                          84                           8
   &BondOrders [&Type "ArrayOfDoubles", &Dim (95,1)] "The bond orders"
                                                         0

0                                      9.4397872168468744e-01
1                                      9.7447946202183700e-01
2                                      9.6077619410579584e-01
3                                      9.6695350956163884e-01
4                                      9.4561585040899565e-01
5                                      9.7408073034236808e-01
6                                      9.7310902524740894e-01
7                                      9.7970078677405015e-01
8                                      9.6718132978122573e-01
9                                      9.9929143173325663e-01
10                                     9.8772006086785102e-01
11                                     9.8167619753882596e-01
12                                     9.8125074024543346e-01
13                                     9.8084683387817995e-01
14                                     9.8315212186053824e-01
15                                     9.8365668529537631e-01
16                                     9.8250801487021189e-01
17                                     1.8526797470709322e+00
18                                     1.0767234179024490e+00
19                                     1.5262583272380104e-01
20                                     9.1840664120095061e-01
21                                     9.5126354713654504e-01
22                                     9.5410073866220901e-01
23                                     9.5928006518418818e-01
24                                     9.4406681316582897e-01
25                                     9.6807000178685210e-01
26                                     9.8406089446215483e-01
27                                     9.9453833620183307e-01
28                                     9.8106499383048240e-01
29                                     9.8426339326428236e-01
30                                     9.7757777653919697e-01
31                                     9.8042351680953088e-01
32                                     9.8019228224413735e-01
33                                     9.8373481063715273e-01
34                                     1.8405431871219176e+00
35                                     1.0829183992565261e+00
36                                     1.5399700821990051e-01
37                                     9.0776468620047546e-01
38                                     9.7133053691294857e-01
39                                     9.6036793958143396e-01
40                                     9.4911351358109897e-01
41                                     9.1465825416137647e-01
42                                     9.7034463138765981e-01
43                                     9.7035594501700928e-01
44                                     1.0073219154478643e+00
45                                     1.4416504593131227e+00
46                                     1.0407308771740888e-01
47                                     1.3850679679922624e+00
48                                     9.6998470516585866e-01
49                                     1.4090071684253207e+00
50                                     1.0880828035062182e-01
51                                     9.7316154445946135e-01
52                                     1.4420693637099371e+00
53                                     1.2734512405216725e-01
54                                     9.7093718665955420e-01
55                                     1.4319562111754116e+00
56                                     9.7086076264936305e-01
57                                     1.4380635412269636e+00
58                                     9.7172416845311771e-01
59                                     1.8251059363896733e+00
60                                     1.1196987662997295e+00
61                                     1.6286401476244169e-01
62                                     9.1654258009489609e-01
63                                     9.2732436000074514e-01
64                                     9.5147183712573680e-01
65                                     9.6243094589369316e-01
66                                     9.3221313828681218e-01
67                                     9.6774050423876679e-01
68                                     9.7072403229633830e-01
69                                     9.9533200232659469e-01
70                                     1.4553729024569140e+00
71                                     1.3824647335289582e+00
72                                     9.7036992339587080e-01
73                                     1.3654945775612979e+00
74                                     1.2943565471296031e-01
75                                     9.7175874534537088e-01
76                                     1.4993752895474888e+00
77                                     1.1455908437224088e-01
78                                     9.6958073979909298e-01
79                                     1.3870766044522453e+00
80                                     9.7105415853738453e-01
81                                     1.4541000492662044e+00
82                                     9.7074433011378558e-01
83                                     1.8445888651436182e+00
84                                     1.1022751193468319e+00
85                                     1.6159848593555376e-01
86                                     9.1132276550249403e-01
87                                     9.5327612813641360e-01
88                                     9.5340611651385621e-01
89                                     9.6897570679738043e-01
90                                     9.0602537207958989e-01
91                                     9.8052409639990290e-01
92                                     9.8166345736829963e-01
93                                     9.7836887816242557e-01
94                                     2.0549369877193193e+00
   &ATNO [&Type "ArrayOfIntegers", &Dim (85,1)] "Atomic number of the elements"
                                                         0

0                                                        7
1                                                        1
2                                                        6
3                                                        1
4                                                        6
5                                                        1
6                                                        1
7                                                        6
8                                                        1
9                                                        6
10                                                       1
11                                                       1
12                                                       1
13                                                       6
14                                                       1
15                                                       1
16                                                       1
17                                                       6
18                                                       8
19                                                       7
20                                                       1
21                                                       6
22                                                       1
23                                                       6
24                                                       1
25                                                       6
26                                                       1
27                                                       1
28                                                       1
29                                                       6
30                                                       1
31                                                       1
32                                                       1
33                                                       6
34                                                       8
35                                                       7
36                                                       1
37                                                       6
38                                                       1
39                                                       6
40                                                       1
41                                                       1
42                                                       6
43                                                       6
44                                                       1
45                                                       6
46                                                       1
47                                                       6
48                                                       1
49                                                       6
50                                                       1
51                                                       6
52                                                       1
53                                                       6
54                                                       8
55                                                       7
56                                                       1
57                                                       6
58                                                       1
59                                                       6
60                                                       1
61                                                       1
62                                                       6
63                                                       6
64                                                       1
65                                                       6
66                                                       1
67                                                       6
68                                                       1
69                                                       6
70                                                       1
71                                                       6
72                                                       1
73                                                       6
74                                                       8
75                                                       7
76                                                       1
77                                                       6
78                                                       1
79                                                       6
80                                                       1
81                                                       1
82                                                       1
83                                                       6
84                                                       8
   &NA [&Type "ArrayOfDoubles", &Dim (85,1)] "Mulliken gross atomic population"
                                                         0

0                                      7.2475683492520728e+00
1                                      8.4137001249200893e-01
2                                      5.9939022688592836e+00
3                                      9.3805861410403091e-01
4                                      6.1042183006840993e+00
5                                      9.4620200609579519e-01
6                                      9.3614982079863029e-01
7                                      6.0155996905254181e+00
8                                      9.4166887195469118e-01
9                                      6.1784953134547198e+00
10                                     9.4067012491345436e-01
11                                     9.4479978927861186e-01
12                                     9.4250213002830618e-01
13                                     6.1750224968235559e+00
14                                     9.3980640998945464e-01
15                                     9.4531193220884979e-01
16                                     9.4528559887512387e-01
17                                     5.6965445164699338e+00
18                                     8.3031155262110321e+00
19                                     7.3679942603167765e+00
20                                     8.0426720360844339e-01
21                                     5.9493593693104367e+00
22                                     9.4074040964520678e-01
23                                     6.0185363512368308e+00
24                                     9.5049724256759294e-01
25                                     6.1815996767362291e+00
26                                     9.3460987420074415e-01
27                                     9.4046243173145361e-01
28                                     9.3294055322749614e-01
29                                     6.1860192261521432e+00
30                                     9.3594711436924383e-01
31                                     9.3983368810734147e-01
32                                     9.3902298868476564e-01
33                                     5.6985457642400812e+00
34                                     8.2858129843471886e+00
35                                     7.3696527712139668e+00
36                                     7.8068863012211054e-01
37                                     5.9354907566118209e+00
38                                     9.2174325837717686e-01
39                                     6.1156225311806498e+00
40                                     9.3118314326886464e-01
41                                     9.2236136732888463e-01
42                                     6.0004020630315233e+00
43                                     6.0711269411262103e+00
44                                     9.3700203787148295e-01
45                                     6.0616069243737236e+00
46                                     9.4433530628791784e-01
47                                     6.0658221956601146e+00
48                                     9.3393734670579953e-01
49                                     6.0627621682699679e+00
50                                     9.2982983869071456e-01
51                                     6.0619501887222338e+00
52                                     9.4300374094561235e-01
53                                     5.7129289911417471e+00
54                                     8.3136652639457136e+00
55                                     7.3736950270554935e+00
56                                     8.0538988373846787e-01
57                                     5.9500854217808445e+00
58                                     9.0133579501564076e-01
59                                     6.1074396439207703e+00
60                                     9.2553450323166930e-01
61                                     9.2419126870605517e-01
62                                     6.0013657914243659e+00
63                                     6.0703743922655500e+00
64                                     9.3806392132316840e-01
65                                     6.0639011131566418e+00
66                                     9.3685528667621409e-01
67                                     6.0724986815791588e+00
68                                     9.3547248998156252e-01
69                                     6.0573060742201088e+00
70                                     9.3090309777337044e-01
71                                     6.0635218889938498e+00
72                                     9.3574860028641760e-01
73                                     5.6878567886003308e+00
74                                     8.3024595079648122e+00
75                                     7.3720000166905599e+00
76                                     7.9771952212863695e-01
77                                     5.9398231151214995e+00
78                                     9.0329701336344836e-01
79                                     6.1767216361463326e+00
80                                     9.3095537132416983e-01
81                                     9.3209307924672025e-01
82                                     9.2095819957261782e-01
83                                     5.8393262041025524e+00
84                                     8.2055102882316397e+00
   &ZA [&Type "ArrayOfDoubles", &Dim (85,1)] "Total nuclear charge"
                                                         0

0                                      7.0000000000000000e+00
1                                      1.0000000000000000e+00
2                                      6.0000000000000000e+00
3                                      1.0000000000000000e+00
4                                      6.0000000000000000e+00
5                                      1.0000000000000000e+00
6                                      1.0000000000000000e+00
7                                      6.0000000000000000e+00
8                                      1.0000000000000000e+00
9                                      6.0000000000000000e+00
10                                     1.0000000000000000e+00
11                                     1.0000000000000000e+00
12                                     1.0000000000000000e+00
13                                     6.0000000000000000e+00
14                                     1.0000000000000000e+00
15                                     1.0000000000000000e+00
16                                     1.0000000000000000e+00
17                                     6.0000000000000000e+00
18                                     8.0000000000000000e+00
19                                     7.0000000000000000e+00
20                                     1.0000000000000000e+00
21                                     6.0000000000000000e+00
22                                     1.0000000000000000e+00
23                                     6.0000000000000000e+00
24                                     1.0000000000000000e+00
25                                     6.0000000000000000e+00
26                                     1.0000000000000000e+00
27                                     1.0000000000000000e+00
28                                     1.0000000000000000e+00
29                                     6.0000000000000000e+00
30                                     1.0000000000000000e+00
31                                     1.0000000000000000e+00
32                                     1.0000000000000000e+00
33                                     6.0000000000000000e+00
34                                     8.0000000000000000e+00
35                                     7.0000000000000000e+00
36                                     1.0000000000000000e+00
37                                     6.0000000000000000e+00
38                                     1.0000000000000000e+00
39                                     6.0000000000000000e+00
40                                     1.0000000000000000e+00
41                                     1.0000000000000000e+00
42                                     6.0000000000000000e+00
43                                     6.0000000000000000e+00
44                                     1.0000000000000000e+00
45                                     6.0000000000000000e+00
46                                     1.0000000000000000e+00
47                                     6.0000000000000000e+00
48                                     1.0000000000000000e+00
49                                     6.0000000000000000e+00
50                                     1.0000000000000000e+00
51                                     6.0000000000000000e+00
52                                     1.0000000000000000e+00
53                                     6.0000000000000000e+00
54                                     8.0000000000000000e+00
55                                     7.0000000000000000e+00
56                                     1.0000000000000000e+00
57                                     6.0000000000000000e+00
58                                     1.0000000000000000e+00
59                                     6.0000000000000000e+00
60                                     1.0000000000000000e+00
61                                     1.0000000000000000e+00
62                                     6.0000000000000000e+00
63                                     6.0000000000000000e+00
64                                     1.0000000000000000e+00
65                                     6.0000000000000000e+00
66                                     1.0000000000000000e+00
67                                     6.0000000000000000e+00
68                                     1.0000000000000000e+00
69                                     6.0000000000000000e+00
70                                     1.0000000000000000e+00
71                                     6.0000000000000000e+00
72                                     1.0000000000000000e+00
73                                     6.0000000000000000e+00
74                                     8.0000000000000000e+00
75                                     7.0000000000000000e+00
76                                     1.0000000000000000e+00
77                                     6.0000000000000000e+00
78                                     1.0000000000000000e+00
79                                     6.0000000000000000e+00
80                                     1.0000000000000000e+00
81                                     1.0000000000000000e+00
82                                     1.0000000000000000e+00
83                                     6.0000000000000000e+00
84                                     8.0000000000000000e+00
   &QA [&Type "ArrayOfDoubles", &Dim (85,1)] "Mulliken gross atomic charge"
                                                         0

0                                     -2.4756834925207283e-01
1                                      1.5862998750799107e-01
2                                      6.0977311407164336e-03
3                                      6.1941385895969092e-02
4                                     -1.0421830068409932e-01
5                                      5.3797993904204811e-02
6                                      6.3850179201369706e-02
7                                     -1.5599690525418097e-02
8                                      5.8331128045308822e-02
9                                     -1.7849531345471981e-01
10                                     5.9329875086545636e-02
11                                     5.5200210721388143e-02
12                                     5.7497869971693816e-02
13                                    -1.7502249682355586e-01
14                                     6.0193590010545361e-02
15                                     5.4688067791150208e-02
16                                     5.4714401124876133e-02
17                                     3.0345548353006624e-01
18                                    -3.0311552621103210e-01
19                                    -3.6799426031677651e-01
20                                     1.9573279639155661e-01
21                                     5.0640630689563260e-02
22                                     5.9259590354793223e-02
23                                    -1.8536351236830839e-02
24                                     4.9502757432407063e-02
25                                    -1.8159967673622912e-01
26                                     6.5390125799255849e-02
27                                     5.9537568268546393e-02
28                                     6.7059446772503861e-02
29                                    -1.8601922615214317e-01
30                                     6.4052885630756173e-02
31                                     6.0166311892658531e-02
32                                     6.0977011315234364e-02
33                                     3.0145423575991881e-01
34                                    -2.8581298434718860e-01
35                                    -3.6965277121396678e-01
36                                     2.1931136987788946e-01
37                                     6.4509243388179094e-02
38                                     7.8256741622823145e-02
39                                    -1.1562253118064980e-01
40                                     6.8816856731135356e-02
41                                     7.7638632671115371e-02
42                                    -4.0206303152334755e-04
43                                    -7.1126941126210319e-02
44                                     6.2997962128517049e-02
45                                    -6.1606924373723615e-02
46                                     5.5664693712082158e-02
47                                    -6.5822195660114602e-02
48                                     6.6062653294200469e-02
49                                    -6.2762168269967944e-02
50                                     7.0170161309285439e-02
51                                    -6.1950188722233790e-02
52                                     5.6996259054387655e-02
53                                     2.8707100885825287e-01
54                                    -3.1366526394571359e-01
55                                    -3.7369502705549351e-01
56                                     1.9461011626153213e-01
57                                     4.9914578219155459e-02
58                                     9.8664204984359238e-02
59                                    -1.0743964392077032e-01
60                                     7.4465496768330697e-02
61                                     7.5808731293944831e-02
62                                    -1.3657914243658809e-03
63                                    -7.0374392265549979e-02
64                                     6.1936078676831596e-02
65                                    -6.3901113156641820e-02
66                                     6.3144713323785906e-02
67                                    -7.2498681579158841e-02
68                                     6.4527510018437484e-02
69                                    -5.7306074220108805e-02
70                                     6.9096902226629564e-02
71                                    -6.3521888993849807e-02
72                                     6.4251399713582402e-02
73                                     3.1214321139966916e-01
74                                    -3.0245950796481225e-01
75                                    -3.7200001669055993e-01
76                                     2.0228047787136305e-01
77                                     6.0176884878500481e-02
78                                     9.6702986636551636e-02
79                                    -1.7672163614633263e-01
80                                     6.9044628675830166e-02
81                                     6.7906920753279754e-02
82                                     7.9041800427382181e-02
83                                     1.6067379589744757e-01
84                                    -2.0551028823163975e-01
   &VA [&Type "ArrayOfDoubles", &Dim (85,1)] "Mayer's total valence"
                                                         0

0                                      2.9414548065641712e+00
1                                      9.7483652706321455e-01
2                                      3.9506755096493342e+00
3                                      9.9616326471328664e-01
4                                      3.9594704081372729e+00
5                                      9.9710577585188309e-01
6                                      9.9592315461595293e-01
7                                      3.9644169419934259e+00
8                                      9.9659747950096178e-01
9                                      3.9680495557107465e+00
10                                     9.9647996592221488e-01
11                                     9.9695293673631435e-01
12                                     9.9669399494871824e-01
13                                     3.9649442923090823e+00
14                                     9.9637673172164243e-01
15                                     9.9700921524127051e-01
16                                     9.9700633430954611e-01
17                                     3.9365378818553576e+00
18                                     2.1080003967157910e+00
19                                     3.1623514902375769e+00
20                                     9.6168867241674150e-01
21                                     3.9343549437773935e+00
22                                     9.9648830095098206e-01
23                                     3.9561266594641626e+00
24                                     9.9754947700658825e-01
25                                     3.9605721705158543e+00
26                                     9.9572413144795746e-01
27                                     9.9645527796466815e-01
28                                     9.9550303059856571e-01
29                                     3.9648587399406847e+00
30                                     9.9589722784237322e-01
31                                     9.9638001491323536e-01
32                                     9.9628180409106182e-01
33                                     3.9343405118746668e+00
34                                     2.0989937725973942e+00
35                                     3.1878792949435044e+00
36                                     9.5190252304228351e-01
37                                     3.9293372229405183e+00
38                                     9.9387588239057867e-01
39                                     3.9635413936795301e+00
40                                     9.9526424022964644e-01
41                                     9.9397224271695961e-01
42                                     3.9776221709463409e+00
43                                     3.9742209585690458e+00
44                                     9.9603125676765392e-01
45                                     3.9760536110286213e+00
46                                     9.9690144187394003e-01
47                                     3.9774077593682042e+00
48                                     9.9563572583973026e-01
49                                     3.9741878273478073e+00
50                                     9.9507614846182890e-01
51                                     3.9691412586611290e+00
52                                     9.9675142645380510e-01
53                                     3.9283379613972937e+00
54                                     2.0883596064546492e+00
55                                     3.1929174341519713e+00
56                                     9.6212690264867295e-01
57                                     3.9168300996816297e+00
58                                     9.9026537465480435e-01
59                                     3.9617448786947667e+00
60                                     9.9445488979104568e-01
61                                     9.9425303625960249e-01
62                                     3.9713247378195118e+00
63                                     3.9693525589489567e+00
64                                     9.9616392215813732e-01
65                                     3.9759219847102409e+00
66                                     9.9601274517925686e-01
67                                     3.9787899283925157e+00
68                                     9.9583620045082044e-01
69                                     3.9690929581282282e+00
70                                     9.9522561810268362e-01
71                                     3.9676044186254944e+00
72                                     9.9587175763484548e-01
73                                     3.9376966941533782e+00
74                                     2.1098417048951537e+00
75                                     3.2025791081940169e+00
76                                     9.5908260827213299e-01
77                                     3.9250563508262593e+00
78                                     9.9064853237557093e-01
79                                     3.9581893747165067e+00
80                                     9.9523283925101669e-01
81                                     9.9538865011380784e-01
82                                     9.9375239378519786e-01
83                                     3.5899415896175744e+00
84                                     2.4111548246451653e+00
   &BVA [&Type "ArrayOfDoubles", &Dim (85,1)] "Mayer's bonded valence"
                                                         0

0                                      1.9612294172395626e+00
1                                      9.7483134376021940e-01
2                                      3.9510585878643112e+00
3                                      9.9484819916571499e-01
4                                      3.9472421035995464e+00
5                                      9.9579686224759789e-01
6                                      9.9590426221939865e-01
7                                      3.9640951832995404e+00
8                                      9.9648874789550623e-01
9                                      3.9680092432647696e+00
10                                     9.9644837995898861e-01
11                                     9.9695212683662182e-01
12                                     9.9668179901187204e-01
13                                     3.9648981566274943e+00
14                                     9.9637623870207526e-01
15                                     9.9700862229672349e-01
16                                     9.9700045708979390e-01
17                                     3.9327757229296076e+00
18                                     2.1077275613065276e+00
19                                     3.1619582495842695e+00
20                                     9.6168378441941327e-01
21                                     3.9341121258566756e+00
22                                     9.9648663745143284e-01
23                                     3.9561097454719714e+00
24                                     9.9754870915714533e-01
25                                     3.9605720521148986e+00
26                                     9.9572404653061530e-01
27                                     9.9645518901967822e-01
28                                     9.9550298653626701e-01
29                                     3.9648513527077691e+00
30                                     9.9589722107433354e-01
31                                     9.9637989944045879e-01
32                                     9.9628009308791643e-01
33                                     3.9343385089318459e+00
34                                     2.0989899485238737e+00
35                                     3.1878773789539756e+00
36                                     9.5190252792793473e-01
37                                     3.9293369462253831e+00
38                                     9.9387585115229438e-01
39                                     3.9635412455893033e+00
40                                     9.9526423930508956e-01
41                                     9.9397223486219144e-01
42                                     3.9776221516426697e+00
43                                     3.9742208330598636e+00
44                                     9.9603125659045599e-01
45                                     3.9760535234780199e+00
46                                     9.9690144191919083e-01
47                                     3.9774073946743287e+00
48                                     9.9563571792561334e-01
49                                     3.9741878117580236e+00
50                                     9.9507614804730860e-01
51                                     3.9691412079217367e+00
52                                     9.9675142559420149e-01
53                                     3.9283337608951920e+00
54                                     2.0883554367173116e+00
55                                     3.1929011771367506e+00
56                                     9.6211889396942574e-01
57                                     3.9160593399271644e+00
58                                     9.9019545436282630e-01
59                                     3.9617253368602161e+00
60                                     9.9443328030284395e-01
61                                     9.9425245648279503e-01
62                                     3.9713179469404452e+00
63                                     3.9693516849370569e+00
64                                     9.9616386247435362e-01
65                                     3.9759218176571198e+00
66                                     9.9601272471989166e-01
67                                     3.9787894429645689e+00
68                                     9.9583619923621092e-01
69                                     3.9690927147587187e+00
70                                     9.9522556878329893e-01
71                                     3.9676018389105514e+00
72                                     9.9587162907843529e-01
73                                     3.9356412638159872e+00
74                                     2.1088872842227340e+00
75                                     3.1930997571693003e+00
76                                     9.5845932288737135e-01
77                                     3.8434823737112782e+00
78                                     9.8999067604615842e-01
79                                     3.9563171447232559e+00
80                                     9.9507090440513635e-01
81                                     9.9528223959373174e-01
82                                     9.9271704304898079e-01
83                                     2.9971814579917879e+00
84                                     2.1033624516461518e+00
   &FA [&Type "ArrayOfDoubles", &Dim (85,1)] "Mayer's free valence"
                                                         0

0                                      9.8022538932460868e-01
1                                      5.1833029951090876e-06
2                                     -3.8307821497681128e-04
3                                      1.3150655475716777e-03
4                                      1.2228304537726652e-02
5                                      1.3089136042851682e-03
6                                      1.8892396554334080e-05
7                                      3.2175869388538145e-04
8                                      1.0873160545556676e-04
9                                      4.0312445976831246e-05
10                                     3.1585963226273384e-05
11                                     8.0989969257609211e-07
12                                     1.2195936846230221e-05
13                                     4.6135681587953793e-05
14                                     4.9301956717813063e-07
15                                     5.9294454699123415e-07
16                                     5.8772197521897912e-06
17                                     3.7621589257500958e-03
18                                     2.7283540926359309e-04
19                                     3.9324065330750862e-04
20                                     4.8879973282396308e-06
21                                     2.4281792071770072e-04
22                                     1.6634995491972915e-06
23                                     1.6913992191233574e-05
24                                     7.6784944291879313e-07
25                                     1.1840095552762810e-07
26                                     8.4917342160718799e-08
27                                     8.8944989978602409e-08
28                                     4.4062298719673500e-08
29                                     7.3872329156995792e-06
30                                     6.7680396521446874e-09
31                                     1.1547277659612810e-07
32                                     1.7110031453803994e-06
33                                     2.0029428207756270e-06
34                                     3.8240735205977241e-06
35                                     1.9159895288023440e-06
36                                    -4.8856512268748702e-09
37                                     2.7671513526707837e-07
38                                     3.1238284335785787e-08
39                                     1.4809022688340515e-07
40                                     9.2455692365749725e-10
41                                     7.8547681790445823e-09
42                                     1.9303671071404715e-08
43                                     1.2550918237750518e-07
44                                     1.7719797579549168e-10
45                                     8.7550601267173325e-08
46                                    -4.5250777417670118e-11
47                                     3.6469387571567931e-07
48                                     7.9141169175127832e-09
49                                     1.5589783748304696e-08
50                                     4.1452034332360281e-10
51                                     5.0739392312914307e-08
52                                     8.5960363788255028e-10
53                                     4.2005021018840311e-06
54                                     4.1697373376732348e-06
55                                     1.6257015220745647e-05
56                                     8.0086792471630495e-06
57                                     7.7075975446541808e-04
58                                     6.9920291977999363e-05
59                                     1.9541834550504015e-05
60                                     2.1609488201680453e-05
61                                     5.7977680746871942e-07
62                                     6.7908790667681993e-06
63                                     8.7401189971228809e-07
64                                     5.9683783685487618e-08
65                                     1.6705312111513782e-07
66                                     2.0459365172433765e-08
67                                     4.8542794683749005e-07
68                                     1.2146095645393698e-09
69                                     2.4336950962390563e-07
70                                     4.9319384689639730e-08
71                                     2.5797149430738978e-06
72                                     1.2855641018278141e-07
73                                     2.0554303373911354e-03
74                                     9.5442067241968253e-04
75                                     9.4793510247166042e-03
76                                     6.2328538476161786e-04
77                                     8.1573977114981114e-02
78                                     6.5785632941252944e-04
79                                     1.8722299932507017e-03
80                                     1.6193484588032618e-04
81                                     1.0641052007613523e-04
82                                     1.0353507362170652e-03
83                                     5.9276013162578645e-01
84                                     3.0779237299901352e-01
   &Method [&Type "String"] "CASSCF"
   &Level [&Type "String"] "Relaxed density"
   &Mult [&Type "Integer"] 1
   &State [&Type "Integer"] 0
   &Irrep [&Type "Integer"] 0
$End
$Single_Point_Data
   &GeometryIndex 1
   &FinalEnergy [&Type "Double"]      -1.8596641130472949e+03  "Final single point energy"
   &Converged [&Type "Boolean"] true
$End
$Calculation_Info
   &GeometryIndex 1
   &Mult [&Type "Integer"] 1
   &Charge [&Type "Integer"] 0
   &NumOfAtoms [&Type "Integer"] 85
   &NumOfElectrons [&Type "Integer"] 310
   &NumOfBasisFuncts [&Type "Integer"] 253
   &NumOfAuxCBasisFuncts [&Type "Integer"] 0
   &NumOfAuxJBasisFuncts [&Type "Integer"] 0
   &NumOfAuxJKBasisFuncts [&Type "Integer"] 0
   &NumOfCABSBasisFuncts [&Type "Integer"] 0
$End
$CASSCF_Dipole_Moment
   &GeometryIndex 1
   &dipoleMagnitude [&Type "Double", &Units "a.u."]       1.0657831050354709e+00
   &dipoleElecContrib [&Type "ArrayOfDoubles", &Dim (3,1)] "Electronic contribution"
                                                         0

0                                      3.9300791078734846e+01
1                                     -1.1495184746498115e+01
2                                      1.1289401135783487e+01
   &dipoleNucContrib [&Type "ArrayOfDoubles", &Dim (3,1)] "Nuclear contribution"
                                                         0

0                                     -3.9642916732362693e+01
1                                      1.0487972585465542e+01
2                                     -1.1355486888989930e+01
   &dipoleTotal [&Type "ArrayOfDoubles", &Dim (3,1)] "Total"
                                                         0

0                                     -3.4212565362784630e-01
1                                     -1.0072121610325731e+00
2                                     -6.6085753206442277e-02
   &doAtomicDipole [&Type "Boolean"] false
   &Method [&Type "String"] "CASSCF"
   &Level [&Type "String"] "Relaxed density"
   &Mult [&Type "Integer"] 1
   &State [&Type "Integer"] 0
   &Irrep [&Type "Integer"] 0
$End
$Calculation_Timings
   &GeometryIndex 1
   &GTOINT [&Type "Double"]       4.4205110000000003e+00
   &SCF [&Type "Double"]       2.2276920000000002e+00
   &CASSCF [&Type "Double"]       2.4971241799999999e+02
   &PROPINT [&Type "Double"]       5.5298999999999410e-01
   &PROP [&Type "Double"]       5.2986199999998007e-01
   &SUM [&Type "Double"]       2.5744347299999993e+02
$End
