*************************************************
******************* ORCA 6.1.0-f.0 ******************
*************************************************
$Calculation_Status
   &GeometryIndex 1
   &version [&Type "String"] "6.1.0-f.0"
   &progName [&Type "String"] "LeanSCF"
   &Status [&Type "String"] "NORMAL TERMINATION"
$End
$Geometry
   &GeometryIndex 1
   &NAtoms [&Type "Integer"] 85
   &NCorelessECP [&Type "Integer"] 0
   &NGhostAtoms [&Type "Integer"] 0
   &CartesianCoordinates [&Type "Coordinates", &Dim(85,4), &Units "Bohr"] 
              N    108.800982160516  104.817439470210  106.763857388149
              H    107.005742333291  105.403254571726  106.404809422704
              C    110.898578169169  106.215836809312  105.497740878422
              H    112.164694678896  107.028419046898  106.915035478863
              C    112.561537167019  104.420596982087  103.948165448606
              H    113.128455007196  102.871021552271  105.176487435655
              H    114.281187948888  105.441049094404  103.494631176465
              C    111.465496009345  103.400144869769  101.434829690491
              H    110.841886385151  104.874131254228  100.149815919425
              C    113.614114623613  102.101903015765   99.904151522015
              H    113.009402260759  101.081450903448   98.222295262825
              H    114.955820178698  103.519197616206   99.280541897821
              H    114.653463997270  100.760197460681  101.075781725046
              C    109.367900000692  101.346012562197  101.907261223971
              H    109.934817840869   99.645259041668  102.908816074950
              H    107.761632786859  102.158594799783  102.871021552271
              H    108.725393115159  100.684608415324  100.055329612729
              C    109.859228795512  108.445713647339  103.910370925928
              O    107.704941002842  108.464610908678  103.230069517716
              N    111.484393270684  110.203158951886  103.305658563073
              H    113.222941313892  110.033083599833  104.099343539320
              C    111.276523395953  112.036193301789  101.208062554420
              H    109.575769875424  113.170028982142  101.548213258526
              C    113.222941313892  114.171583833120  101.226959815760
              H    113.676475586033  114.644015366601  103.173377733699
              C    115.655018848248  113.340104334195   99.960843306032
              H    117.147902494046  114.681809889279  100.414377578174
              H    116.392012040478  111.507069984291  100.565555668887
              H    115.409354450839  113.188926243481   97.938836342737
              C    112.296975508270  116.722714113914  100.225404964781
              H    111.843441236129  116.666022329896   98.222295262825
              H    110.634016510420  117.270734692751  101.321446122456
              H    113.808756415407  118.064419668998  100.641144714244
              C    111.030858998543  110.751179530723   98.600240489609
              O    111.975722065504  108.672480783409   97.957733604076
              N    109.594667136763  112.130679608485   97.107356843811
              H    109.122235603283  113.925919435710   97.541993854613
              C    109.405694523371  111.771631643040   94.423945733643
              H    110.993064475865  110.618898701348   93.800336109449
              C    106.741180674542  110.826768576080   93.554671712039
              H    105.153810722048  111.998398779111   94.178281336233
              H    106.419927231775  109.088220532872   94.594021085696
              C    106.325440925079  110.694487746705   90.663390727140
              C    104.586892881872  112.451933051252   89.605144092144
              H    103.377468156162  113.642460515622   90.738979772497
              C    104.454612052497  112.659802925983   86.997322027333
              H    103.282981849466  114.133789310442   86.184739789747
              C    105.796317607581  110.940152144115   85.504438381535
              H    105.645139516868  110.996843928133   83.463534156900
              C    107.421482082754  109.220501362247   86.543787755192
              H    108.498625979089  107.973282113859   85.334363029482
              C    107.780530048199  109.050426010194   89.151609820003
              H    109.122235603283  107.784309500466   90.020883841607
              C    109.745845227477  114.190481094459   92.931062087845
              O    108.706495853820  116.231385319094   93.686952541414
              N    110.936372691847  113.982611219728   90.757877033836
              H    111.824543974790  112.319652221877   90.474418113748
              C    111.087550782561  115.721159262936   88.679178286523
              H    109.235619171318  115.966823660345   87.809904264919
              C    112.240283724253  118.272289543729   89.586246830805
              H    113.978831767460  118.291186805069   90.682287988479
              H    110.822989123812  119.254947133368   90.682287988479
              C    112.958379655143  120.048632109615   87.469753560813
              C    111.049756259882  121.182467789968   86.033561699033
              H    109.141132864622  120.955700653898   86.694965845905
              C    111.786749452112  122.599762390409   83.917068429041
              H    110.256071283635  123.374550105317   82.821027271367
              C    114.351107815843  122.921015833176   83.255664282169
              H    114.766847565305  124.281618649599   81.800575159049
              C    116.278628472442  122.051741811572   84.937520541359
              H    118.243943651721  122.429687038356   84.616267098592
              C    115.579429802892  120.426577336400   86.921732981976
              H    117.015621664672  119.632892360153   88.131157707685
              C    112.504845383002  114.530631798565   86.487095971174
              O    111.673365884076  114.700707150618   84.313910917164
              N    114.804642087984  113.680255038301   86.846143936619
              H    115.503840757535  113.547974208926   88.603589241166
              C    116.089655859050  112.130679608485   84.918623280019
              H    115.995169552354  113.226720766160   83.180075236812
              C    118.886450537254  111.960604256432   85.844589085641
              H    120.209258830999  111.488172722952   84.351705439843
              H    119.453368377430  113.850330390354   86.449301448496
              H    119.264395764038  110.581104178670   87.318575470099
              C    115.050306485394  109.503960282335   84.351705439843
              O    113.449708449962  108.559097215374   85.769000040284
$End
$SCF_Mulliken_Population_Analysis
   &GeometryIndex 1
   &NAtoms [&Type "Integer"] 85
   &ATNO [&Type "ArrayOfIntegers", &Dim (85,1)] 
                                                         0

0                                                        7
1                                                        1
2                                                        6
3                                                        1
4                                                        6
5                                                        1
6                                                        1
7                                                        6
8                                                        1
9                                                        6
10                                                       1
11                                                       1
12                                                       1
13                                                       6
14                                                       1
15                                                       1
16                                                       1
17                                                       6
18                                                       8
19                                                       7
20                                                       1
21                                                       6
22                                                       1
23                                                       6
24                                                       1
25                                                       6
26                                                       1
27                                                       1
28                                                       1
29                                                       6
30                                                       1
31                                                       1
32                                                       1
33                                                       6
34                                                       8
35                                                       7
36                                                       1
37                                                       6
38                                                       1
39                                                       6
40                                                       1
41                                                       1
42                                                       6
43                                                       6
44                                                       1
45                                                       6
46                                                       1
47                                                       6
48                                                       1
49                                                       6
50                                                       1
51                                                       6
52                                                       1
53                                                       6
54                                                       8
55                                                       7
56                                                       1
57                                                       6
58                                                       1
59                                                       6
60                                                       1
61                                                       1
62                                                       6
63                                                       6
64                                                       1
65                                                       6
66                                                       1
67                                                       6
68                                                       1
69                                                       6
70                                                       1
71                                                       6
72                                                       1
73                                                       6
74                                                       8
75                                                       7
76                                                       1
77                                                       6
78                                                       1
79                                                       6
80                                                       1
81                                                       1
82                                                       1
83                                                       6
84                                                       8
   &AtomicCharges [&Type "ArrayOfDoubles", &Dim (85,1)] 
                                                         0

0                                     -1.9546709760945014e-01
1                                      1.2443773676771563e-01
2                                      2.9896073965732128e-02
3                                      7.4996539260256956e-03
4                                      1.0762274833273722e-01
5                                      8.1905027935431640e-03
6                                     -2.7687897370526127e-02
7                                     -1.2420550969212751e-01
8                                      3.5222791888079863e-02
9                                      4.5042573304304057e-02
10                                     4.9189686293749091e-05
11                                    -1.4856176314315128e-03
12                                    -1.3465142939612429e-02
13                                     6.6797495001964968e-02
14                                    -2.5707751953347735e-03
15                                    -4.7934612998006276e-03
16                                    -6.9132321369642646e-03
17                                     2.4027252452645698e-02
18                                    -2.4330831007673659e-01
19                                    -8.0726379839171081e-02
20                                     1.1355043456334468e-01
21                                     1.2335185797906778e-01
22                                     8.0326377879953448e-03
23                                    -1.3555596506240164e-01
24                                    -1.6524748555493129e-03
25                                     7.4210416170254589e-02
26                                     3.0036201193029965e-03
27                                     5.3226492291962302e-03
28                                     6.3487353966971138e-03
29                                     3.4202784046955870e-02
30                                     2.6439754787871861e-02
31                                     1.7222698430328531e-02
32                                     1.4798044977409219e-02
33                                     1.0329258887459236e-01
34                                    -2.9683722596497297e-01
35                                    -8.4659585667797188e-02
36                                     1.3028163774318968e-01
37                                     1.1026593437192478e-01
38                                    -6.6019905736365292e-03
39                                     1.7884234064208293e-01
40                                    -3.0905839738482044e-04
41                                     1.9533911217493705e-02
42                                    -9.0483087876073398e-02
43                                     1.3884170661574657e-02
44                                    -2.1060583247935361e-02
45                                     9.8248745472488963e-03
46                                    -1.9125845029170030e-02
47                                     5.5542252247716029e-02
48                                    -1.7937172418866609e-02
49                                     3.1373965656188219e-02
50                                    -1.2385095819609671e-02
51                                    -1.1652844234379955e-02
52                                    -2.4113234324678157e-02
53                                     4.5825027012643460e-02
54                                    -3.3470893094446730e-01
55                                    -7.9429377823088565e-02
56                                     1.2024715848567835e-01
57                                     1.4115423351960033e-01
58                                     3.1848111122455780e-02
59                                     1.7123777414353114e-01
60                                    -2.3415434524645784e-02
61                                     3.0763037141671945e-02
62                                    -9.7707177389666278e-02
63                                     3.2048368094748980e-02
64                                    -2.8019447537363629e-02
65                                     2.1462752009638209e-02
66                                    -1.8033943646405870e-02
67                                     4.3875149827223403e-02
68                                    -1.1754885103005819e-02
69                                     1.5751543168258664e-02
70                                    -2.3113840414417108e-02
71                                    -3.0163716318121203e-03
72                                    -4.1090401584319203e-02
73                                     2.2154897388372952e-02
74                                    -2.5796451994111003e-01
75                                    -1.0549277528140166e-01
76                                     1.0812935452348249e-01
77                                     9.0067571436823535e-02
78                                     5.5832430329351812e-02
79                                    -8.1339856371753783e-03
80                                     3.3173588199044701e-02
81                                     3.5548788760297878e-02
82                                     3.3323188862537823e-02
83                                     6.3011854070098572e-02
84                                    -1.6868747694267228e-01
   &Method [&Type "String"] "SCF"
   &Level [&Type "String"] "Relaxed density"
   &Mult [&Type "Integer"] 1
   &State [&Type "Integer"] -1
   &Irrep [&Type "Integer"] 0
$End
$SCF_Loewdin_Population_Analysis
   &GeometryIndex 1
   &NAtoms [&Type "Integer"] 85
   &ATNO [&Type "ArrayOfIntegers", &Dim (85,1)] 
                                                         0

0                                                        7
1                                                        1
2                                                        6
3                                                        1
4                                                        6
5                                                        1
6                                                        1
7                                                        6
8                                                        1
9                                                        6
10                                                       1
11                                                       1
12                                                       1
13                                                       6
14                                                       1
15                                                       1
16                                                       1
17                                                       6
18                                                       8
19                                                       7
20                                                       1
21                                                       6
22                                                       1
23                                                       6
24                                                       1
25                                                       6
26                                                       1
27                                                       1
28                                                       1
29                                                       6
30                                                       1
31                                                       1
32                                                       1
33                                                       6
34                                                       8
35                                                       7
36                                                       1
37                                                       6
38                                                       1
39                                                       6
40                                                       1
41                                                       1
42                                                       6
43                                                       6
44                                                       1
45                                                       6
46                                                       1
47                                                       6
48                                                       1
49                                                       6
50                                                       1
51                                                       6
52                                                       1
53                                                       6
54                                                       8
55                                                       7
56                                                       1
57                                                       6
58                                                       1
59                                                       6
60                                                       1
61                                                       1
62                                                       6
63                                                       6
64                                                       1
65                                                       6
66                                                       1
67                                                       6
68                                                       1
69                                                       6
70                                                       1
71                                                       6
72                                                       1
73                                                       6
74                                                       8
75                                                       7
76                                                       1
77                                                       6
78                                                       1
79                                                       6
80                                                       1
81                                                       1
82                                                       1
83                                                       6
84                                                       8
   &AtomicCharges [&Type "ArrayOfDoubles", &Dim (85,1)] 
                                                         0

0                                     -7.3173154431140475e-02
1                                      4.1568975578179512e-02
2                                     -1.8931923799492267e-02
3                                      3.3708738816462969e-02
4                                     -7.5090206725629827e-03
5                                      2.7731612218739543e-02
6                                      1.3700829184859931e-02
7                                     -2.4974872150975713e-02
8                                      2.4992698942454372e-02
9                                     -4.3897285067505898e-02
10                                     1.9298254811854654e-02
11                                     1.6326641414465715e-02
12                                     1.2116226688854148e-02
13                                    -4.6361902691598900e-02
14                                     1.7801606590546748e-02
15                                     1.4194285726059852e-02
16                                     1.9400620684103975e-02
17                                     2.1657208593664379e-02
18                                    -2.0305954199600329e-01
19                                     1.0924398071511909e-02
20                                     7.2575208585644257e-02
21                                     2.1751744753773394e-02
22                                     3.0020462106451817e-02
23                                    -3.7562692517141727e-02
24                                     2.4679536714741213e-02
25                                    -4.8178981975237178e-02
26                                     2.1944834898543708e-02
27                                     2.2653664938315443e-02
28                                     1.8247539878944452e-02
29                                    -4.1223267844610056e-02
30                                     1.7651364337069375e-02
31                                     2.6457449131088495e-02
32                                     3.0697684901973887e-02
33                                     7.4866289241903416e-02
34                                    -2.5312501481038474e-01
35                                     4.1231224740766237e-02
36                                     7.4728972070115307e-02
37                                     2.1991800013033469e-02
38                                     2.0036855184662361e-02
39                                    -9.7449369817130815e-03
40                                     3.3390872287172968e-02
41                                     3.3805444400701101e-02
42                                    -2.6635285525389740e-02
43                                    -2.8795840142331386e-02
44                                     2.6519331752245634e-02
45                                    -1.8711971627904056e-02
46                                     2.6347878708480210e-02
47                                    -2.1148926833455484e-02
48                                     2.8644053524496726e-02
49                                    -1.3061476366297065e-02
50                                     2.6300390635788595e-02
51                                    -3.5384907400583643e-02
52                                     2.3956660444516387e-02
53                                     7.1423634731172747e-02
54                                    -2.8406473805534382e-01
55                                     3.5907711319826952e-02
56                                     6.6823770945301564e-02
57                                     3.0769264978085076e-02
58                                     4.3615503913064124e-02
59                                    -2.0051634012622443e-02
60                                     2.2718963532424974e-02
61                                     3.8496232356662996e-02
62                                    -1.9182598830671971e-02
63                                    -2.0447947343323669e-02
64                                     2.4505563406342468e-02
65                                    -8.5674027978681622e-03
66                                     2.3840870139568260e-02
67                                    -2.6842071238460719e-02
68                                     2.3778220141424500e-02
69                                    -1.6130459129167996e-02
70                                     2.0841127552867045e-02
71                                    -4.0324932734485230e-02
72                                     1.4076682616824598e-02
73                                     4.6792872492130932e-02
74                                    -2.1121318586252791e-01
75                                     1.8976590720407138e-02
76                                     6.6880709382727277e-02
77                                     5.6769311342996787e-03
78                                     4.7969167774578825e-02
79                                    -4.2126593090658915e-02
80                                     3.7478623036116931e-02
81                                     3.2896686732634128e-02
82                                     2.8380028404524249e-02
83                                     2.4658961987786832e-02
84                                    -7.7996911941649927e-02
   &Method [&Type "String"] "SCF"
   &Level [&Type "String"] "Relaxed density"
   &Mult [&Type "Integer"] 1
   &State [&Type "Integer"] -1
   &Irrep [&Type "Integer"] 0
$End
$SCF_Mayer_Population_Analysis
   &GeometryIndex 1
   &NAtoms [&Type "Integer"] 85 "Total number of atoms"
   &NBondOrdersPrint [&Type "Integer"] 88 "The number of bond orders larger than threshold"
   &bondThresh [&Type "Double"]       1.0000000000000001e-01  "The threshold for printing"
   &components [&Type "ArrayOfIntegers", &Dim (88,4)] "The indices and atomic numbers of the bonding atoms"
                                                         0                           1                           2                           3

0                                                        0                           7                           1                           1
1                                                        0                           7                           2                           6
2                                                        0                           7                          83                           6
3                                                        0                           7                          84                           8
4                                                        2                           6                           3                           1
5                                                        2                           6                           4                           6
6                                                        2                           6                          17                           6
7                                                        4                           6                           5                           1
8                                                        4                           6                           6                           1
9                                                        4                           6                           7                           6
10                                                       7                           6                           8                           1
11                                                       7                           6                           9                           6
12                                                       7                           6                          13                           6
13                                                       9                           6                          10                           1
14                                                       9                           6                          11                           1
15                                                       9                           6                          12                           1
16                                                      13                           6                          14                           1
17                                                      13                           6                          15                           1
18                                                      13                           6                          16                           1
19                                                      17                           6                          18                           8
20                                                      17                           6                          19                           7
21                                                      19                           7                          20                           1
22                                                      19                           7                          21                           6
23                                                      21                           6                          22                           1
24                                                      21                           6                          23                           6
25                                                      21                           6                          33                           6
26                                                      23                           6                          24                           1
27                                                      23                           6                          25                           6
28                                                      23                           6                          29                           6
29                                                      25                           6                          26                           1
30                                                      25                           6                          27                           1
31                                                      25                           6                          28                           1
32                                                      29                           6                          30                           1
33                                                      29                           6                          31                           1
34                                                      29                           6                          32                           1
35                                                      33                           6                          34                           8
36                                                      33                           6                          35                           7
37                                                      35                           7                          36                           1
38                                                      35                           7                          37                           6
39                                                      37                           6                          38                           1
40                                                      37                           6                          39                           6
41                                                      37                           6                          53                           6
42                                                      39                           6                          40                           1
43                                                      39                           6                          41                           1
44                                                      39                           6                          42                           6
45                                                      42                           6                          43                           6
46                                                      42                           6                          51                           6
47                                                      43                           6                          44                           1
48                                                      43                           6                          45                           6
49                                                      45                           6                          46                           1
50                                                      45                           6                          47                           6
51                                                      47                           6                          48                           1
52                                                      47                           6                          49                           6
53                                                      49                           6                          50                           1
54                                                      49                           6                          51                           6
55                                                      51                           6                          52                           1
56                                                      53                           6                          54                           8
57                                                      53                           6                          55                           7
58                                                      55                           7                          56                           1
59                                                      55                           7                          57                           6
60                                                      57                           6                          58                           1
61                                                      57                           6                          59                           6
62                                                      57                           6                          73                           6
63                                                      59                           6                          60                           1
64                                                      59                           6                          61                           1
65                                                      59                           6                          62                           6
66                                                      62                           6                          63                           6
67                                                      62                           6                          71                           6
68                                                      63                           6                          64                           1
69                                                      63                           6                          65                           6
70                                                      65                           6                          66                           1
71                                                      65                           6                          67                           6
72                                                      67                           6                          68                           1
73                                                      67                           6                          69                           6
74                                                      69                           6                          70                           1
75                                                      69                           6                          71                           6
76                                                      71                           6                          72                           1
77                                                      73                           6                          74                           8
78                                                      73                           6                          75                           7
79                                                      75                           7                          76                           1
80                                                      75                           7                          77                           6
81                                                      77                           6                          78                           1
82                                                      77                           6                          79                           6
83                                                      77                           6                          83                           6
84                                                      79                           6                          80                           1
85                                                      79                           6                          81                           1
86                                                      79                           6                          82                           1
87                                                      83                           6                          84                           8
   &BondOrders [&Type "ArrayOfDoubles", &Dim (88,1)] "The bond orders"
                                                         0

0                                      9.2501763874823451e-01
1                                      1.1726971199123692e+00
2                                      4.5263511539935758e-01
3                                      2.4320400605326437e-01
4                                      8.7073399622951320e-01
5                                      1.0070357028677341e+00
6                                      8.8209553478599911e-01
7                                      9.2533214995609370e-01
8                                      9.2125855712401306e-01
9                                      1.0522679764461622e+00
10                                     9.1339926238229630e-01
11                                     1.0652861216666634e+00
12                                     1.0678316048086072e+00
13                                     9.6547188060778422e-01
14                                     9.6378929867932162e-01
15                                     9.6507412331096687e-01
16                                     9.6661411995344737e-01
17                                     9.5013075925121604e-01
18                                     9.5996307764321920e-01
19                                     2.0792170738217370e+00
20                                     1.2464439304185120e+00
21                                     9.1654725348240407e-01
22                                     9.7396800676739204e-01
23                                     9.2093713068107275e-01
24                                     1.0250048921370065e+00
25                                     8.8551852193172498e-01
26                                     9.1504640289048478e-01
27                                     1.0793423871271863e+00
28                                     1.0882245204906551e+00
29                                     9.5970770069030764e-01
30                                     9.5647791737567811e-01
31                                     9.4948368923248483e-01
32                                     9.5684954917645015e-01
33                                     9.5609939008030398e-01
34                                     9.5556546607360993e-01
35                                     1.9509023989090915e+00
36                                     1.2677710645902387e+00
37                                     8.8964148289138401e-01
38                                     9.9188358919334019e-01
39                                     8.9452172929625628e-01
40                                     1.0344495614630065e+00
41                                     9.2906068975081380e-01
42                                     9.1760327851352430e-01
43                                     9.2056846420870198e-01
44                                     1.0260842559901198e+00
45                                     1.3528760277000014e+00
46                                     1.3950589765703398e+00
47                                     9.8640467623822725e-01
48                                     1.4092198959717284e+00
49                                     9.8341036603982412e-01
50                                     1.3480711208370273e+00
51                                     9.8505318221101201e-01
52                                     1.4243016786525926e+00
53                                     9.8039269933972661e-01
54                                     1.3517205048065621e+00
55                                     9.9563409057274610e-01
56                                     1.8999447973304073e+00
57                                     1.2984768339787416e+00
58                                     8.9529451778113500e-01
59                                     9.4507342798345939e-01
60                                     8.8493086397237186e-01
61                                     1.0445926344461014e+00
62                                     9.2764971329166068e-01
63                                     9.1328528778803308e-01
64                                     9.0439630280438910e-01
65                                     1.0391465470049976e+00
66                                     1.4250797105400310e+00
67                                     1.3635616635053938e+00
68                                     9.8106993115153163e-01
69                                     1.3762084456448263e+00
70                                     9.7487986942015059e-01
71                                     1.4085257940534626e+00
72                                     9.7459911155564583e-01
73                                     1.3736795497043539e+00
74                                     9.7728228119287797e-01
75                                     1.4156865122771349e+00
76                                     9.7325237901185557e-01
77                                     2.0361929780800825e+00
78                                     1.2351203810503599e+00
79                                     9.2002560965680957e-01
80                                     9.5985065398935610e-01
81                                     9.1028883387749182e-01
82                                     1.0536689714435470e+00
83                                     8.1937070141657231e-01
84                                     9.6370032329231592e-01
85                                     9.6751472493169499e-01
86                                     9.6347812877329053e-01
87                                     2.0399055314886190e+00
   &ATNO [&Type "ArrayOfIntegers", &Dim (85,1)] "Atomic number of the elements"
                                                         0

0                                                        7
1                                                        1
2                                                        6
3                                                        1
4                                                        6
5                                                        1
6                                                        1
7                                                        6
8                                                        1
9                                                        6
10                                                       1
11                                                       1
12                                                       1
13                                                       6
14                                                       1
15                                                       1
16                                                       1
17                                                       6
18                                                       8
19                                                       7
20                                                       1
21                                                       6
22                                                       1
23                                                       6
24                                                       1
25                                                       6
26                                                       1
27                                                       1
28                                                       1
29                                                       6
30                                                       1
31                                                       1
32                                                       1
33                                                       6
34                                                       8
35                                                       7
36                                                       1
37                                                       6
38                                                       1
39                                                       6
40                                                       1
41                                                       1
42                                                       6
43                                                       6
44                                                       1
45                                                       6
46                                                       1
47                                                       6
48                                                       1
49                                                       6
50                                                       1
51                                                       6
52                                                       1
53                                                       6
54                                                       8
55                                                       7
56                                                       1
57                                                       6
58                                                       1
59                                                       6
60                                                       1
61                                                       1
62                                                       6
63                                                       6
64                                                       1
65                                                       6
66                                                       1
67                                                       6
68                                                       1
69                                                       6
70                                                       1
71                                                       6
72                                                       1
73                                                       6
74                                                       8
75                                                       7
76                                                       1
77                                                       6
78                                                       1
79                                                       6
80                                                       1
81                                                       1
82                                                       1
83                                                       6
84                                                       8
   &NA [&Type "ArrayOfDoubles", &Dim (85,1)] "Mulliken gross atomic population"
                                                         0

0                                      7.1954670976094492e+00
1                                      8.7556226323228437e-01
2                                      5.9701039260342696e+00
3                                      9.9250034607397442e-01
4                                      5.8923772516672628e+00
5                                      9.9180949720645661e-01
6                                      1.0276878973705257e+00
7                                      6.1242055096921248e+00
8                                      9.6477720811192003e-01
9                                      5.9549574266956906e+00
10                                     9.9995081031370603e-01
11                                     1.0014856176314315e+00
12                                     1.0134651429396127e+00
13                                     5.9332025049980412e+00
14                                     1.0025707751953348e+00
15                                     1.0047934612998008e+00
16                                     1.0069132321369645e+00
17                                     5.9759727475473579e+00
18                                     8.2433083100767419e+00
19                                     7.0807263798391782e+00
20                                     8.8644956543665554e-01
21                                     5.8766481420209207e+00
22                                     9.9196736221200377e-01
23                                     6.1355559650624052e+00
24                                     1.0016524748555486e+00
25                                     5.9257895838297507e+00
26                                     9.9699637988069711e-01
27                                     9.9467735077080399e-01
28                                     9.9365126460330400e-01
29                                     5.9657972159530503e+00
30                                     9.7356024521212770e-01
31                                     9.8277730156967158e-01
32                                     9.8520195502259078e-01
33                                     5.8967074111254014e+00
34                                     8.2968372259649659e+00
35                                     7.0846595856677999e+00
36                                     8.6971836225681043e-01
37                                     5.8897340656280797e+00
38                                     1.0066019905736370e+00
39                                     5.8211576593579206e+00
40                                     1.0003090583973848e+00
41                                     9.8046608878250585e-01
42                                     6.0904830878760654e+00
43                                     5.9861158293384236e+00
44                                     1.0210605832479356e+00
45                                     5.9901751254527582e+00
46                                     1.0191258450291694e+00
47                                     5.9444577477522849e+00
48                                     1.0179371724188668e+00
49                                     5.9686260343438065e+00
50                                     1.0123850958196099e+00
51                                     6.0116528442343817e+00
52                                     1.0241132343246786e+00
53                                     5.9541749729873716e+00
54                                     8.3347089309444602e+00
55                                     7.0794293778230877e+00
56                                     8.7975284151432198e-01
57                                     5.8588457664804015e+00
58                                     9.6815188887754478e-01
59                                     5.8287622258564618e+00
60                                     1.0234154345246456e+00
61                                     9.6923696285832783e-01
62                                     6.0977071773896681e+00
63                                     5.9679516319052457e+00
64                                     1.0280194475373636e+00
65                                     5.9785372479903565e+00
66                                     1.0180339436464068e+00
67                                     5.9561248501727793e+00
68                                     1.0117548851030060e+00
69                                     5.9842484568317413e+00
70                                     1.0231138404144169e+00
71                                     6.0030163716318157e+00
72                                     1.0410904015843188e+00
73                                     5.9778451026116368e+00
74                                     8.2579645199411118e+00
75                                     7.1054927752813963e+00
76                                     8.9187064547651740e-01
77                                     5.9099324285631720e+00
78                                     9.4416756967064797e-01
79                                     6.0081339856371709e+00
80                                     9.6682641180095585e-01
81                                     9.6445121123970168e-01
82                                     9.6667681113746218e-01
83                                     5.9369881459298997e+00
84                                     8.1686874769426705e+00
   &ZA [&Type "ArrayOfDoubles", &Dim (85,1)] "Total nuclear charge"
                                                         0

0                                      7.0000000000000000e+00
1                                      1.0000000000000000e+00
2                                      6.0000000000000000e+00
3                                      1.0000000000000000e+00
4                                      6.0000000000000000e+00
5                                      1.0000000000000000e+00
6                                      1.0000000000000000e+00
7                                      6.0000000000000000e+00
8                                      1.0000000000000000e+00
9                                      6.0000000000000000e+00
10                                     1.0000000000000000e+00
11                                     1.0000000000000000e+00
12                                     1.0000000000000000e+00
13                                     6.0000000000000000e+00
14                                     1.0000000000000000e+00
15                                     1.0000000000000000e+00
16                                     1.0000000000000000e+00
17                                     6.0000000000000000e+00
18                                     8.0000000000000000e+00
19                                     7.0000000000000000e+00
20                                     1.0000000000000000e+00
21                                     6.0000000000000000e+00
22                                     1.0000000000000000e+00
23                                     6.0000000000000000e+00
24                                     1.0000000000000000e+00
25                                     6.0000000000000000e+00
26                                     1.0000000000000000e+00
27                                     1.0000000000000000e+00
28                                     1.0000000000000000e+00
29                                     6.0000000000000000e+00
30                                     1.0000000000000000e+00
31                                     1.0000000000000000e+00
32                                     1.0000000000000000e+00
33                                     6.0000000000000000e+00
34                                     8.0000000000000000e+00
35                                     7.0000000000000000e+00
36                                     1.0000000000000000e+00
37                                     6.0000000000000000e+00
38                                     1.0000000000000000e+00
39                                     6.0000000000000000e+00
40                                     1.0000000000000000e+00
41                                     1.0000000000000000e+00
42                                     6.0000000000000000e+00
43                                     6.0000000000000000e+00
44                                     1.0000000000000000e+00
45                                     6.0000000000000000e+00
46                                     1.0000000000000000e+00
47                                     6.0000000000000000e+00
48                                     1.0000000000000000e+00
49                                     6.0000000000000000e+00
50                                     1.0000000000000000e+00
51                                     6.0000000000000000e+00
52                                     1.0000000000000000e+00
53                                     6.0000000000000000e+00
54                                     8.0000000000000000e+00
55                                     7.0000000000000000e+00
56                                     1.0000000000000000e+00
57                                     6.0000000000000000e+00
58                                     1.0000000000000000e+00
59                                     6.0000000000000000e+00
60                                     1.0000000000000000e+00
61                                     1.0000000000000000e+00
62                                     6.0000000000000000e+00
63                                     6.0000000000000000e+00
64                                     1.0000000000000000e+00
65                                     6.0000000000000000e+00
66                                     1.0000000000000000e+00
67                                     6.0000000000000000e+00
68                                     1.0000000000000000e+00
69                                     6.0000000000000000e+00
70                                     1.0000000000000000e+00
71                                     6.0000000000000000e+00
72                                     1.0000000000000000e+00
73                                     6.0000000000000000e+00
74                                     8.0000000000000000e+00
75                                     7.0000000000000000e+00
76                                     1.0000000000000000e+00
77                                     6.0000000000000000e+00
78                                     1.0000000000000000e+00
79                                     6.0000000000000000e+00
80                                     1.0000000000000000e+00
81                                     1.0000000000000000e+00
82                                     1.0000000000000000e+00
83                                     6.0000000000000000e+00
84                                     8.0000000000000000e+00
   &QA [&Type "ArrayOfDoubles", &Dim (85,1)] "Mulliken gross atomic charge"
                                                         0

0                                     -1.9546709760944925e-01
1                                      1.2443773676771563e-01
2                                      2.9896073965730352e-02
3                                      7.4996539260255846e-03
4                                      1.0762274833273722e-01
5                                      8.1905027935433861e-03
6                                     -2.7687897370525683e-02
7                                     -1.2420550969212485e-01
8                                      3.5222791888079974e-02
9                                      4.5042573304309386e-02
10                                     4.9189686293971135e-05
11                                    -1.4856176314315128e-03
12                                    -1.3465142939612651e-02
13                                     6.6797495001958751e-02
14                                    -2.5707751953347735e-03
15                                    -4.7934612998008497e-03
16                                    -6.9132321369644867e-03
17                                     2.4027252452642145e-02
18                                    -2.4330831007674192e-01
19                                    -8.0726379839178186e-02
20                                     1.1355043456334446e-01
21                                     1.2335185797907933e-01
22                                     8.0326377879962330e-03
23                                    -1.3555596506240519e-01
24                                    -1.6524748555486468e-03
25                                     7.4210416170249260e-02
26                                     3.0036201193028855e-03
27                                     5.3226492291960081e-03
28                                     6.3487353966960036e-03
29                                     3.4202784046949652e-02
30                                     2.6439754787872305e-02
31                                     1.7222698430328420e-02
32                                     1.4798044977409219e-02
33                                     1.0329258887459858e-01
34                                    -2.9683722596496587e-01
35                                    -8.4659585667799853e-02
36                                     1.3028163774318957e-01
37                                     1.1026593437192034e-01
38                                    -6.6019905736369733e-03
39                                     1.7884234064207938e-01
40                                    -3.0905839738482044e-04
41                                     1.9533911217494149e-02
42                                    -9.0483087876065404e-02
43                                     1.3884170661576434e-02
44                                    -2.1060583247935583e-02
45                                     9.8248745472417909e-03
46                                    -1.9125845029169364e-02
47                                     5.5542252247715140e-02
48                                    -1.7937172418866831e-02
49                                     3.1373965656193548e-02
50                                    -1.2385095819609893e-02
51                                    -1.1652844234381732e-02
52                                    -2.4113234324678601e-02
53                                     4.5825027012628361e-02
54                                    -3.3470893094446019e-01
55                                    -7.9429377823087677e-02
56                                     1.2024715848567802e-01
57                                     1.4115423351959855e-01
58                                     3.1848111122455225e-02
59                                     1.7123777414353825e-01
60                                    -2.3415434524645562e-02
61                                     3.0763037141672167e-02
62                                    -9.7707177389668054e-02
63                                     3.2048368094754309e-02
64                                    -2.8019447537363629e-02
65                                     2.1462752009643538e-02
66                                    -1.8033943646406758e-02
67                                     4.3875149827220739e-02
68                                    -1.1754885103006041e-02
69                                     1.5751543168258664e-02
70                                    -2.3113840414416886e-02
71                                    -3.0163716318156730e-03
72                                    -4.1090401584318759e-02
73                                     2.2154897388363182e-02
74                                    -2.5796451994111180e-01
75                                    -1.0549277528139633e-01
76                                     1.0812935452348260e-01
77                                     9.0067571436827976e-02
78                                     5.5832430329352034e-02
79                                    -8.1339856371709374e-03
80                                     3.3173588199044146e-02
81                                     3.5548788760298322e-02
82                                     3.3323188862537823e-02
83                                     6.3011854070100348e-02
84                                    -1.6868747694267050e-01
   &VA [&Type "ArrayOfDoubles", &Dim (85,1)] "Mayer's total valence"
                                                         0

0                                      2.9953700975368989e+00
1                                      1.0137329004267783e+00
2                                      3.9913085107945960e+00
3                                      9.8269781612769325e-01
4                                      3.9624422023171606e+00
5                                      1.0004496632797877e+00
6                                      9.9685464519989186e-01
7                                      4.1913081420565090e+00
8                                      1.0225776377993010e+00
9                                      3.9791464479319458e+00
10                                     9.8919487063113543e-01
11                                     9.9353890622176522e-01
12                                     9.9054028236189229e-01
13                                     3.9489832984121214e+00
14                                     9.9172112853146865e-01
15                                     1.0262220715607127e+00
16                                     9.8714856472961010e-01
17                                     4.3273186123267902e+00
18                                     2.2867824554343148e+00
19                                     3.2084121384839746e+00
20                                     1.0065426517764766e+00
21                                     3.8707147986466151e+00
22                                     1.0170112510415354e+00
23                                     4.2289971584199790e+00
24                                     9.7552487553001177e-01
25                                     3.9582066123232882e+00
26                                     9.8647822148079500e-01
27                                     1.0013676810550054e+00
28                                     1.0032961317987856e+00
29                                     3.9847176397060680e+00
30                                     1.0338705212383275e+00
31                                     9.9051666119457660e-01
32                                     9.9272760531978332e-01
33                                     4.2434954302289611e+00
34                                     2.2212867671296053e+00
35                                     3.2611439497944410e+00
36                                     1.0462993661937743e+00
37                                     3.9543079384081636e+00
38                                     1.0391597461296049e+00
39                                     3.9085153947442963e+00
40                                     1.0075888278813574e+00
41                                     9.9192504281455052e-01
42                                     3.9267124949368402e+00
43                                     3.8468586012333863e+00
44                                     9.8825253954838188e-01
45                                     3.8564894308773807e+00
46                                     9.7712814423500349e-01
47                                     3.8311001809215091e+00
48                                     9.7925895585067080e-01
49                                     3.8685187456526577e+00
50                                     9.9523792070979655e-01
51                                     3.8400944848124388e+00
52                                     9.9005463430966134e-01
53                                     4.2644563912366262e+00
54                                     2.1780054403386622e+00
55                                     3.2570390399459033e+00
56                                     1.0366605195915686e+00
57                                     3.8672047899162663e+00
58                                     1.0396261285303927e+00
59                                     3.9072152009337753e+00
60                                     1.0018863698818752e+00
61                                     1.0311653744308855e+00
62                                     3.9993094724929139e+00
63                                     3.8852686991930527e+00
64                                     9.8780516681439234e-01
65                                     3.8750963529286873e+00
66                                     9.7909231653335549e-01
67                                     3.8316029582849964e+00
68                                     9.8121395117772681e-01
69                                     3.8797896986524130e+00
70                                     9.7902964015136840e-01
71                                     3.8602587539800073e+00
72                                     9.8637633427893345e-01
73                                     4.3427542957732479e+00
74                                     2.2628992059660327e+00
75                                     3.2157110316625701e+00
76                                     1.0192459372223104e+00
77                                     3.8779380489471973e+00
78                                     1.0083461191112666e+00
79                                     3.9938793693256134e+00
80                                     9.9447829789790376e-01
81                                     9.9809669662001210e-01
82                                     9.9191788862585673e-01
83                                     3.4634234129115993e+00
84                                     2.4167313395940866e+00
   &BVA [&Type "ArrayOfDoubles", &Dim (85,1)] "Mayer's bonded valence"
                                                         0

0                                      2.9953700975369308e+00
1                                      1.0137329004267865e+00
2                                      3.9913085107944855e+00
3                                      9.8269781612768170e-01
4                                      3.9624422023172396e+00
5                                      1.0004496632797855e+00
6                                      9.9685464519988787e-01
7                                      4.1913081420565206e+00
8                                      1.0225776377993150e+00
9                                      3.9791464479320129e+00
10                                     9.8919487063112543e-01
11                                     9.9353890622176588e-01
12                                     9.9054028236188674e-01
13                                     3.9489832984120907e+00
14                                     9.9172112853147720e-01
15                                     1.0262220715607144e+00
16                                     9.8714856472961965e-01
17                                     4.3273186123267848e+00
18                                     2.2867824554343317e+00
19                                     3.2084121384839879e+00
20                                     1.0065426517764746e+00
21                                     3.8707147986466039e+00
22                                     1.0170112510415517e+00
23                                     4.2289971584200332e+00
24                                     9.7552487553000355e-01
25                                     3.9582066123232558e+00
26                                     9.8647822148080100e-01
27                                     1.0013676810550045e+00
28                                     1.0032961317987843e+00
29                                     3.9847176397061395e+00
30                                     1.0338705212383485e+00
31                                     9.9051666119458015e-01
32                                     9.9272760531981263e-01
33                                     4.2434954302289656e+00
34                                     2.2212867671295715e+00
35                                     3.2611439497945192e+00
36                                     1.0462993661937932e+00
37                                     3.9543079384081623e+00
38                                     1.0391597461295923e+00
39                                     3.9085153947443185e+00
40                                     1.0075888278813652e+00
41                                     9.9192504281455052e-01
42                                     3.9267124949367793e+00
43                                     3.8468586012334778e+00
44                                     9.8825253954838510e-01
45                                     3.8564894308773834e+00
46                                     9.7712814423497762e-01
47                                     3.8311001809215166e+00
48                                     9.7925895585067346e-01
49                                     3.8685187456526959e+00
50                                     9.9523792070980466e-01
51                                     3.8400944848123979e+00
52                                     9.9005463430964469e-01
53                                     4.2644563912365445e+00
54                                     2.1780054403387741e+00
55                                     3.2570390399459495e+00
56                                     1.0366605195915848e+00
57                                     3.8672047899161841e+00
58                                     1.0396261285303807e+00
59                                     3.9072152009337184e+00
60                                     1.0018863698818667e+00
61                                     1.0311653744308911e+00
62                                     3.9993094724929561e+00
63                                     3.8852686991931220e+00
64                                     9.8780516681440411e-01
65                                     3.8750963529286091e+00
66                                     9.7909231653336759e-01
67                                     3.8316029582850213e+00
68                                     9.8121395117773769e-01
69                                     3.8797896986523179e+00
70                                     9.7902964015135541e-01
71                                     3.8602587539799709e+00
72                                     9.8637633427891502e-01
73                                     4.3427542957731742e+00
74                                     2.2628992059660504e+00
75                                     3.2157110316627193e+00
76                                     1.0192459372223077e+00
77                                     3.8779380489472892e+00
78                                     1.0083461191112932e+00
79                                     3.9938793693256414e+00
80                                     9.9447829789789721e-01
81                                     9.9809669662002309e-01
82                                     9.9191788862585573e-01
83                                     3.4634234129116277e+00
84                                     2.4167313395940502e+00
   &FA [&Type "ArrayOfDoubles", &Dim (85,1)] "Mayer's free valence"
                                                         0

0                                      0.0000000000000000e+00
1                                      0.0000000000000000e+00
2                                      0.0000000000000000e+00
3                                      0.0000000000000000e+00
4                                      0.0000000000000000e+00
5                                      0.0000000000000000e+00
6                                      0.0000000000000000e+00
7                                      0.0000000000000000e+00
8                                      0.0000000000000000e+00
9                                      0.0000000000000000e+00
10                                     0.0000000000000000e+00
11                                     0.0000000000000000e+00
12                                     0.0000000000000000e+00
13                                     0.0000000000000000e+00
14                                     0.0000000000000000e+00
15                                     0.0000000000000000e+00
16                                     0.0000000000000000e+00
17                                     0.0000000000000000e+00
18                                     0.0000000000000000e+00
19                                     0.0000000000000000e+00
20                                     0.0000000000000000e+00
21                                     0.0000000000000000e+00
22                                     0.0000000000000000e+00
23                                     0.0000000000000000e+00
24                                     0.0000000000000000e+00
25                                     0.0000000000000000e+00
26                                     0.0000000000000000e+00
27                                     0.0000000000000000e+00
28                                     0.0000000000000000e+00
29                                     0.0000000000000000e+00
30                                     0.0000000000000000e+00
31                                     0.0000000000000000e+00
32                                     0.0000000000000000e+00
33                                     0.0000000000000000e+00
34                                     0.0000000000000000e+00
35                                     0.0000000000000000e+00
36                                     0.0000000000000000e+00
37                                     0.0000000000000000e+00
38                                     0.0000000000000000e+00
39                                     0.0000000000000000e+00
40                                     0.0000000000000000e+00
41                                     0.0000000000000000e+00
42                                     0.0000000000000000e+00
43                                     0.0000000000000000e+00
44                                     0.0000000000000000e+00
45                                     0.0000000000000000e+00
46                                     0.0000000000000000e+00
47                                     0.0000000000000000e+00
48                                     0.0000000000000000e+00
49                                     0.0000000000000000e+00
50                                     0.0000000000000000e+00
51                                     0.0000000000000000e+00
52                                     0.0000000000000000e+00
53                                     0.0000000000000000e+00
54                                     0.0000000000000000e+00
55                                     0.0000000000000000e+00
56                                     0.0000000000000000e+00
57                                     0.0000000000000000e+00
58                                     0.0000000000000000e+00
59                                     0.0000000000000000e+00
60                                     0.0000000000000000e+00
61                                     0.0000000000000000e+00
62                                     0.0000000000000000e+00
63                                     0.0000000000000000e+00
64                                     0.0000000000000000e+00
65                                     0.0000000000000000e+00
66                                     0.0000000000000000e+00
67                                     0.0000000000000000e+00
68                                     0.0000000000000000e+00
69                                     0.0000000000000000e+00
70                                     0.0000000000000000e+00
71                                     0.0000000000000000e+00
72                                     0.0000000000000000e+00
73                                     0.0000000000000000e+00
74                                     0.0000000000000000e+00
75                                     0.0000000000000000e+00
76                                     0.0000000000000000e+00
77                                     0.0000000000000000e+00
78                                     0.0000000000000000e+00
79                                     0.0000000000000000e+00
80                                     0.0000000000000000e+00
81                                     0.0000000000000000e+00
82                                     0.0000000000000000e+00
83                                     0.0000000000000000e+00
84                                     0.0000000000000000e+00
   &Method [&Type "String"] "SCF"
   &Level [&Type "String"] "Relaxed density"
   &Mult [&Type "Integer"] 1
   &State [&Type "Integer"] -1
   &Irrep [&Type "Integer"] 0
$End
$SCF_Energy
   &GeometryIndex 1
   &Method [&Type "String"] "SCF"
   &totalEnergy [&Type "ArrayOfDoubles", &Dim (1,1)] "Total energy of each state"
                                                         0

0                                     -1.8924495525602890e+03
   &Mult [&Type "ArrayOfIntegers", &Dim (1,1)] "Multiplicity of each state"
                                                         0

0                                                        1
$End
$DFT_Energy
   &GeometryIndex 1
   &nAlphaEl [&Type "Integer"] 154
   &nBetaEl [&Type "Integer"] 154
   &nTotalEl [&Type "Integer"] 309
   &finalEn [&Type "Double"]      -1.8924495525602890e+03  "No Van der Waals correction"
   &eExchange [&Type "Double"]      -2.0259894386862550e+02
   &eCorr [&Type "Double"]      -1.2344382022731052e+01
   &eXC [&Type "Double"]      -2.1494332589135655e+02
   &eCNL [&Type "Double"]       0.0000000000000000e+00
$End
$SCF_Timings
   &GeometryIndex 1
   &TOTAL [&Type "Double"]       1.3957876219999998e+03
   &PREP [&Type "Double"]       6.9106699999999999e-01
   &FOCK [&Type "Double"]       1.3670674900000015e+03
   &DENS [&Type "Double"]       1.9764930000013692e+00
   &ETOT [&Type "Double"]       4.6616600000006514e-01
   &POP [&Type "Double"]       1.5894100000014078e-01
   &TRAFO [&Type "Double"]       5.2456009999999935e+00
   &DIIS [&Type "Double"]       1.6983416999999996e+01
   &SOSCF [&Type "Double"]       1.2000000030099045e-05
   &NR [&Type "Double"]       1.7540000000053624e-02
   &XC [&Type "Double"]       9.6242681000000474e+01
   &FOCKSTART [&Type "Double"]       1.3167499999994947e-01
   &INT_PREP [&Type "Double"]       1.5000000303189154e-05
   &INT_BF [&Type "Double"]       3.3990820000005868e+01
   &INT_DENS [&Type "Double"]       2.6163003999997009e+01
   &INT_DENSIO [&Type "Double"]       2.9437197384871073e+07
   &INT_FUNC [&Type "Double"]       2.5439750000134254e+00
   &INT_POT [&Type "Double"]       2.3966600999987286e+01
   &INT_POTIO [&Type "Double"]       2.5042900001534463e-01
   &INT_SUM [&Type "Double"]       1.2720000003021426e-03
   &SPLITRIJ [&Type "Double"]       2.8019361000000123e+02
   &COSX [&Type "Double"]       9.8801218400000005e+02
$End
$VdW_Correction
   &GeometryIndex 1
   &vdW [&Type "Double"]      -1.9088991931982568e-01
$End
$Single_Point_Data
   &GeometryIndex 1
   &FinalEnergy [&Type "Double"]      -1.8926404424796087e+03  "Final single point energy"
   &Converged [&Type "Boolean"] true
$End
$Calculation_Info
   &GeometryIndex 1
   &Mult [&Type "Integer"] 1
   &Charge [&Type "Integer"] 0
   &NumOfAtoms [&Type "Integer"] 85
   &NumOfElectrons [&Type "Integer"] 310
   &NumOfBasisFuncts [&Type "Integer"] 803
   &NumOfAuxCBasisFuncts [&Type "Integer"] 0
   &NumOfAuxJBasisFuncts [&Type "Integer"] 2531
   &NumOfAuxJKBasisFuncts [&Type "Integer"] 0
   &NumOfCABSBasisFuncts [&Type "Integer"] 0
$End
$SCF_Dipole_Moment
   &GeometryIndex 1
   &dipoleMagnitude [&Type "Double", &Units "a.u."]       3.0645482171213816e+00
   &dipoleElecContrib [&Type "ArrayOfDoubles", &Dim (3,1)] "Electronic contribution"
                                                         0

0                                     -1.3382839306078354e+01
1                                      1.3330559490272037e+01
2                                     -2.7172350182733386e+01
   &dipoleNucContrib [&Type "ArrayOfDoubles", &Dim (3,1)] "Nuclear contribution"
                                                         0

0                                      1.5894370464855228e+01
1                                     -1.1590562741273686e+01
2                                      2.6935541553182219e+01
   &dipoleTotal [&Type "ArrayOfDoubles", &Dim (3,1)] "Total"
                                                         0

0                                      2.5115311587768741e+00
1                                      1.7399967489983510e+00
2                                     -2.3680862955116666e-01
   &doAtomicDipole [&Type "Boolean"] false
   &Method [&Type "String"] "SCF"
   &Level [&Type "String"] "Relaxed density"
   &Mult [&Type "Integer"] 1
   &State [&Type "Integer"] -1
   &Irrep [&Type "Integer"] 0
$End
$Calculation_Timings
   &GeometryIndex 1
   &GTOINT [&Type "Double"]       9.5274310000000000e+00
   &SCF [&Type "Double"]       1.4010423720000001e+03
   &PROP [&Type "Double"]       7.4104600000009668e-01
   &SUM [&Type "Double"]       1.4113108490000002e+03
$End
