*************************************************
******************* ORCA 6.1.0-f.0 ******************
*************************************************
$Calculation_Status
   &GeometryIndex 1
   &version [&Type "String"] "6.1.0-f.0"
   &progName [&Type "String"] "ProgCAS"
   &Status [&Type "String"] "NORMAL TERMINATION"
$End
$Geometry
   &GeometryIndex 1
   &NAtoms [&Type "Integer"] 85
   &NCorelessECP [&Type "Integer"] 0
   &NGhostAtoms [&Type "Integer"] 0
   &CartesianCoordinates [&Type "Coordinates", &Dim(85,4), &Units "Bohr"] 
              N    108.800982160516  104.817439470210  106.763857388149
              H    107.005742333291  105.403254571726  106.404809422704
              C    110.898578169169  106.215836809312  105.497740878422
              H    112.164694678896  107.028419046898  106.915035478863
              C    112.561537167019  104.420596982087  103.948165448606
              H    113.128455007196  102.871021552271  105.176487435655
              H    114.281187948888  105.441049094404  103.494631176465
              C    111.465496009345  103.400144869769  101.434829690491
              H    110.841886385151  104.874131254228  100.149815919425
              C    113.614114623613  102.101903015765   99.904151522015
              H    113.009402260759  101.081450903448   98.222295262825
              H    114.955820178698  103.519197616206   99.280541897821
              H    114.653463997270  100.760197460681  101.075781725046
              C    109.367900000692  101.346012562197  101.907261223971
              H    109.934817840869   99.645259041668  102.908816074950
              H    107.761632786859  102.158594799783  102.871021552271
              H    108.725393115159  100.684608415324  100.055329612729
              C    109.859228795512  108.445713647339  103.910370925928
              O    107.704941002842  108.464610908678  103.230069517716
              N    111.484393270684  110.203158951886  103.305658563073
              H    113.222941313892  110.033083599833  104.099343539320
              C    111.276523395953  112.036193301789  101.208062554420
              H    109.575769875424  113.170028982142  101.548213258526
              C    113.222941313892  114.171583833120  101.226959815760
              H    113.676475586033  114.644015366601  103.173377733699
              C    115.655018848248  113.340104334195   99.960843306032
              H    117.147902494046  114.681809889279  100.414377578174
              H    116.392012040478  111.507069984291  100.565555668887
              H    115.409354450839  113.188926243481   97.938836342737
              C    112.296975508270  116.722714113914  100.225404964781
              H    111.843441236129  116.666022329896   98.222295262825
              H    110.634016510420  117.270734692751  101.321446122456
              H    113.808756415407  118.064419668998  100.641144714244
              C    111.030858998543  110.751179530723   98.600240489609
              O    111.975722065504  108.672480783409   97.957733604076
              N    109.594667136763  112.130679608485   97.107356843811
              H    109.122235603283  113.925919435710   97.541993854613
              C    109.405694523371  111.771631643040   94.423945733643
              H    110.993064475865  110.618898701348   93.800336109449
              C    106.741180674542  110.826768576080   93.554671712039
              H    105.153810722048  111.998398779111   94.178281336233
              H    106.419927231775  109.088220532872   94.594021085696
              C    106.325440925079  110.694487746705   90.663390727140
              C    104.586892881872  112.451933051252   89.605144092144
              H    103.377468156162  113.642460515622   90.738979772497
              C    104.454612052497  112.659802925983   86.997322027333
              H    103.282981849466  114.133789310442   86.184739789747
              C    105.796317607581  110.940152144115   85.504438381535
              H    105.645139516868  110.996843928133   83.463534156900
              C    107.421482082754  109.220501362247   86.543787755192
              H    108.498625979089  107.973282113859   85.334363029482
              C    107.780530048199  109.050426010194   89.151609820003
              H    109.122235603283  107.784309500466   90.020883841607
              C    109.745845227477  114.190481094459   92.931062087845
              O    108.706495853820  116.231385319094   93.686952541414
              N    110.936372691847  113.982611219728   90.757877033836
              H    111.824543974790  112.319652221877   90.474418113748
              C    111.087550782561  115.721159262936   88.679178286523
              H    109.235619171318  115.966823660345   87.809904264919
              C    112.240283724253  118.272289543729   89.586246830805
              H    113.978831767460  118.291186805069   90.682287988479
              H    110.822989123812  119.254947133368   90.682287988479
              C    112.958379655143  120.048632109615   87.469753560813
              C    111.049756259882  121.182467789968   86.033561699033
              H    109.141132864622  120.955700653898   86.694965845905
              C    111.786749452112  122.599762390409   83.917068429041
              H    110.256071283635  123.374550105317   82.821027271367
              C    114.351107815843  122.921015833176   83.255664282169
              H    114.766847565305  124.281618649599   81.800575159049
              C    116.278628472442  122.051741811572   84.937520541359
              H    118.243943651721  122.429687038356   84.616267098592
              C    115.579429802892  120.426577336400   86.921732981976
              H    117.015621664672  119.632892360153   88.131157707685
              C    112.504845383002  114.530631798565   86.487095971174
              O    111.673365884076  114.700707150618   84.313910917164
              N    114.804642087984  113.680255038301   86.846143936619
              H    115.503840757535  113.547974208926   88.603589241166
              C    116.089655859050  112.130679608485   84.918623280019
              H    115.995169552354  113.226720766160   83.180075236812
              C    118.886450537254  111.960604256432   85.844589085641
              H    120.209258830999  111.488172722952   84.351705439843
              H    119.453368377430  113.850330390354   86.449301448496
              H    119.264395764038  110.581104178670   87.318575470099
              C    115.050306485394  109.503960282335   84.351705439843
              O    113.449708449962  108.559097215374   85.769000040284
$End
$CAS_SCF_Energies
   &GeometryIndex 1
   &finalEnergy [&Type "Double"]      -1.8596860705832137e+03  "Final GS or SA energy"
   &numOfElectrons [&Type "Integer"] 310
   &numOfActiveEl [&Type "Integer"] 4 "Number of active electrons"
   &numOfActiveOrbs [&Type "Integer"] 4 "Number of active orbitals"
   &numOfFCElectrons [&Type "Integer"] 0
   &Method [&Type "String"] "CASSCF"
   &totalEnergy [&Type "ArrayOfDoubles", &Dim (1,1)] "Total energy of each state"
                                                         0

0                                     -1.8596860705832137e+03
   &Mult [&Type "ArrayOfIntegers", &Dim (1,1)] "Multiplicity of each state"
                                                         0

0                                                        1
   &RelCorr [&Type "String"] "None" "Relativistic correction (SOC and/or SSC)"
   &NBlocks [&Type "Integer"] 1 "Number of multiplicity blocks"
   &NRoots [&Type "ArrayOfIntegers", &Dim (1,1)] "Number of roots in each block"
                                                         0

0                                                        1
   &NTotalRoots [&Type "Integer"] 1 "Total number of roots"
   &Block [&Type "ArrayOfIntegers", &Dim (1,1)] "Block index of each state"
                                                         0

0                                                        0
   &Root [&Type "ArrayOfIntegers", &Dim (1,1)] "Root index within the block"
                                                         0

0                                                        0
$End
$Mulliken_Population_Analysis
   &GeometryIndex 1
   &NAtoms [&Type "Integer"] 85
   &ATNO [&Type "ArrayOfIntegers", &Dim (85,1)] 
                                                         0

0                                                        7
1                                                        1
2                                                        6
3                                                        1
4                                                        6
5                                                        1
6                                                        1
7                                                        6
8                                                        1
9                                                        6
10                                                       1
11                                                       1
12                                                       1
13                                                       6
14                                                       1
15                                                       1
16                                                       1
17                                                       6
18                                                       8
19                                                       7
20                                                       1
21                                                       6
22                                                       1
23                                                       6
24                                                       1
25                                                       6
26                                                       1
27                                                       1
28                                                       1
29                                                       6
30                                                       1
31                                                       1
32                                                       1
33                                                       6
34                                                       8
35                                                       7
36                                                       1
37                                                       6
38                                                       1
39                                                       6
40                                                       1
41                                                       1
42                                                       6
43                                                       6
44                                                       1
45                                                       6
46                                                       1
47                                                       6
48                                                       1
49                                                       6
50                                                       1
51                                                       6
52                                                       1
53                                                       6
54                                                       8
55                                                       7
56                                                       1
57                                                       6
58                                                       1
59                                                       6
60                                                       1
61                                                       1
62                                                       6
63                                                       6
64                                                       1
65                                                       6
66                                                       1
67                                                       6
68                                                       1
69                                                       6
70                                                       1
71                                                       6
72                                                       1
73                                                       6
74                                                       8
75                                                       7
76                                                       1
77                                                       6
78                                                       1
79                                                       6
80                                                       1
81                                                       1
82                                                       1
83                                                       6
84                                                       8
   &AtomicCharges [&Type "ArrayOfDoubles", &Dim (85,1)] 
                                                         0

0                                     -2.4794454213901318e-01
1                                      1.6007422301504703e-01
2                                      3.5827022711361067e-03
3                                      6.3448250526797034e-02
4                                     -1.0051185334767698e-01
5                                      6.9932153144552922e-02
6                                      5.2162328111052592e-02
7                                     -2.2146554304181443e-02
8                                      7.4036879999395566e-02
9                                     -1.7637549605524772e-01
10                                     5.5112282346938546e-02
11                                     5.3032290507091906e-02
12                                     4.6976730968360636e-02
13                                    -1.7934919920268921e-01
14                                     5.8370262579305221e-02
15                                     5.9063797353828162e-02
16                                     5.1165934656394851e-02
17                                     3.1001860759761612e-01
18                                    -3.1018537114004729e-01
19                                    -3.6988542624180631e-01
20                                     1.9007269541870675e-01
21                                     4.9907093043570327e-02
22                                     7.4657895697327170e-02
23                                    -2.7604853914005467e-02
24                                     6.3403062037210134e-02
25                                    -1.8436353765912372e-01
26                                     5.9022456224293807e-02
27                                     6.1405045157493010e-02
28                                     5.6510046618559961e-02
29                                    -1.7766915134818184e-01
30                                     6.2918245177124632e-02
31                                     6.3988752249018899e-02
32                                     6.7927762567052463e-02
33                                     2.9811052167474195e-01
34                                    -2.9623113753147301e-01
35                                    -3.6809488956133940e-01
36                                     2.1887682086468618e-01
37                                     5.4797789363799865e-02
38                                     7.3807983716452918e-02
39                                    -1.1245187155458325e-01
40                                     6.9921574147095100e-02
41                                     7.1365990810301261e-02
42                                     9.4309860657917355e-03
43                                    -7.1335373739094265e-02
44                                     6.6660030304289020e-02
45                                    -5.9324843812721184e-02
46                                     6.5141156873824047e-02
47                                    -6.6437019992927837e-02
48                                     6.5691019118660154e-02
49                                    -6.1478497101150609e-02
50                                     7.0425787931311490e-02
51                                    -7.6376775986935819e-02
52                                     6.6396742339275949e-02
53                                     2.8065189118318834e-01
54                                    -3.0917233152707624e-01
55                                    -3.7131670732446054e-01
56                                     1.9779018446882146e-01
57                                     5.7922573993919535e-02
58                                     9.4813613969680577e-02
59                                    -1.2081789467957282e-01
60                                     6.5286755556735687e-02
61                                     8.5920700318066978e-02
62                                     1.2248641341761513e-02
63                                    -7.1987972385140431e-02
64                                     6.6231608670214603e-02
65                                    -5.5538676269964782e-02
66                                     6.3586607072015688e-02
67                                    -6.7193654601864772e-02
68                                     6.3481376081241159e-02
69                                    -6.0102372821793537e-02
70                                     6.3886401848154639e-02
71                                    -7.3356556905698866e-02
72                                     5.3274892478636371e-02
73                                     2.9543434779221034e-01
74                                    -2.8292629662660751e-01
75                                    -3.6731476889988279e-01
76                                     1.9908820350479584e-01
77                                     5.0146241186874718e-02
78                                     1.0336105947732399e-01
79                                    -1.8106199352696883e-01
80                                     7.5315878500611833e-02
81                                     7.4703589937918258e-02
82                                     6.9254035156398830e-02
83                                     1.5608532034147427e-01
84                                    -1.9734420315695900e-01
   &Method [&Type "String"] "CASSCF"
   &Level [&Type "String"] "Relaxed density"
   &Mult [&Type "Integer"] 1
   &State [&Type "Integer"] 0
   &Irrep [&Type "Integer"] 0
$End
$Loewdin_Population_Analysis
   &GeometryIndex 1
   &NAtoms [&Type "Integer"] 85
   &ATNO [&Type "ArrayOfIntegers", &Dim (85,1)] 
                                                         0

0                                                        7
1                                                        1
2                                                        6
3                                                        1
4                                                        6
5                                                        1
6                                                        1
7                                                        6
8                                                        1
9                                                        6
10                                                       1
11                                                       1
12                                                       1
13                                                       6
14                                                       1
15                                                       1
16                                                       1
17                                                       6
18                                                       8
19                                                       7
20                                                       1
21                                                       6
22                                                       1
23                                                       6
24                                                       1
25                                                       6
26                                                       1
27                                                       1
28                                                       1
29                                                       6
30                                                       1
31                                                       1
32                                                       1
33                                                       6
34                                                       8
35                                                       7
36                                                       1
37                                                       6
38                                                       1
39                                                       6
40                                                       1
41                                                       1
42                                                       6
43                                                       6
44                                                       1
45                                                       6
46                                                       1
47                                                       6
48                                                       1
49                                                       6
50                                                       1
51                                                       6
52                                                       1
53                                                       6
54                                                       8
55                                                       7
56                                                       1
57                                                       6
58                                                       1
59                                                       6
60                                                       1
61                                                       1
62                                                       6
63                                                       6
64                                                       1
65                                                       6
66                                                       1
67                                                       6
68                                                       1
69                                                       6
70                                                       1
71                                                       6
72                                                       1
73                                                       6
74                                                       8
75                                                       7
76                                                       1
77                                                       6
78                                                       1
79                                                       6
80                                                       1
81                                                       1
82                                                       1
83                                                       6
84                                                       8
   &AtomicCharges [&Type "ArrayOfDoubles", &Dim (85,1)] 
                                                         0

0                                     -1.7289289983650580e-01
1                                      1.0228818253057692e-01
2                                      1.9672553923101077e-02
3                                      2.9506256301824574e-02
4                                     -3.9546997186947763e-02
5                                      3.5369980208369567e-02
6                                      2.1485558089328616e-02
7                                      1.5724462387868066e-02
8                                      3.6741736094566324e-02
9                                     -9.0447481117211126e-02
10                                     2.5735553471980865e-02
11                                     2.3462705187565658e-02
12                                     1.8950268182639562e-02
13                                    -9.2670026541279427e-02
14                                     2.8183535509279101e-02
15                                     2.8498523729430403e-02
16                                     2.2935097081264733e-02
17                                     2.0852891450761923e-01
18                                    -2.5763705660636660e-01
19                                    -2.1702428655683370e-01
20                                     1.2743342859142692e-01
21                                     5.5577378364709773e-02
22                                     3.7193277675529490e-02
23                                     1.0597066644598918e-02
24                                     2.8935793721787451e-02
25                                    -9.7090657104313749e-02
26                                     2.8864468694038803e-02
27                                     3.0696451098268573e-02
28                                     2.6518675628927513e-02
29                                    -8.9622888474420570e-02
30                                     3.2326881667821161e-02
31                                     3.2931440700595838e-02
32                                     3.6459660670718819e-02
33                                     2.1191965130222190e-01
34                                    -2.6277059658016988e-01
35                                    -2.0729198731721876e-01
36                                     1.4988329947104140e-01
37                                     6.1355933318344213e-02
38                                     3.6486710326232075e-02
39                                    -5.0909301034626431e-02
40                                     3.6315341109372734e-02
41                                     3.6437500690030156e-02
42                                     1.4398683769276666e-02
43                                    -4.2874567082443527e-02
44                                     3.4056767324793458e-02
45                                    -2.4939194163993150e-02
46                                     3.2637009873814904e-02
47                                    -3.5730826717738751e-02
48                                     3.2884331276781364e-02
49                                    -2.7182044980059494e-02
50                                     3.6291101449002050e-02
51                                    -4.6539189052049679e-02
52                                     3.3952677227872763e-02
53                                     1.9960310973977702e-01
54                                    -2.8201837517096884e-01
55                                    -2.0886427610268843e-01
56                                     1.3319831036917651e-01
57                                     6.6910562922601002e-02
58                                     5.0458208631587453e-02
59                                    -5.7759418281010610e-02
60                                     3.3129669951551199e-02
61                                     4.8286554350195243e-02
62                                     1.7498751499193332e-02
63                                    -4.3437352056566958e-02
64                                     3.3608776152407427e-02
65                                    -2.0956841642918889e-02
66                                     3.0694964622640764e-02
67                                    -3.7607500335955280e-02
68                                     3.0922119091127076e-02
69                                    -2.5292409969276619e-02
70                                     3.1130586101747904e-02
71                                    -4.7256776278486790e-02
72                                     2.3570088521910448e-02
73                                     2.0317212854369160e-01
74                                    -2.4380905586636459e-01
75                                    -2.1240042040659723e-01
76                                     1.3307164230912938e-01
77                                     7.4444655757291756e-02
78                                     5.8517681325183424e-02
79                                    -8.8712374849362341e-02
80                                     4.1461265073518994e-02
81                                     4.1396943345315962e-02
82                                     3.6396643400767981e-02
83                                     7.0420305666694993e-02
84                                    -1.1584502386575402e-01
   &Method [&Type "String"] "CASSCF"
   &Level [&Type "String"] "Relaxed density"
   &Mult [&Type "Integer"] 1
   &State [&Type "Integer"] 0
   &Irrep [&Type "Integer"] 0
$End
$Mayer_Population_Analysis
   &GeometryIndex 1
   &NAtoms [&Type "Integer"] 85 "Total number of atoms"
   &NBondOrdersPrint [&Type "Integer"] 96 "The number of bond orders larger than threshold"
   &bondThresh [&Type "Double"]       1.0000000000000001e-01  "The threshold for printing"
   &components [&Type "ArrayOfIntegers", &Dim (96,4)] "The indices and atomic numbers of the bonding atoms"
                                                         0                           1                           2                           3

0                                                        0                           7                           1                           1
1                                                        0                           7                           2                           6
2                                                        2                           6                           3                           1
3                                                        2                           6                           4                           6
4                                                        2                           6                          17                           6
5                                                        4                           6                           5                           1
6                                                        4                           6                           6                           1
7                                                        4                           6                           7                           6
8                                                        7                           6                           8                           1
9                                                        7                           6                           9                           6
10                                                       7                           6                          13                           6
11                                                       9                           6                          10                           1
12                                                       9                           6                          11                           1
13                                                       9                           6                          12                           1
14                                                      13                           6                          14                           1
15                                                      13                           6                          15                           1
16                                                      13                           6                          16                           1
17                                                      17                           6                          18                           8
18                                                      17                           6                          19                           7
19                                                      18                           8                          19                           7
20                                                      19                           7                          20                           1
21                                                      19                           7                          21                           6
22                                                      21                           6                          22                           1
23                                                      21                           6                          23                           6
24                                                      21                           6                          33                           6
25                                                      23                           6                          24                           1
26                                                      23                           6                          25                           6
27                                                      23                           6                          29                           6
28                                                      25                           6                          26                           1
29                                                      25                           6                          27                           1
30                                                      25                           6                          28                           1
31                                                      29                           6                          30                           1
32                                                      29                           6                          31                           1
33                                                      29                           6                          32                           1
34                                                      33                           6                          34                           8
35                                                      33                           6                          35                           7
36                                                      34                           8                          35                           7
37                                                      35                           7                          36                           1
38                                                      35                           7                          37                           6
39                                                      37                           6                          38                           1
40                                                      37                           6                          39                           6
41                                                      37                           6                          53                           6
42                                                      39                           6                          40                           1
43                                                      39                           6                          41                           1
44                                                      39                           6                          42                           6
45                                                      42                           6                          43                           6
46                                                      42                           6                          47                           6
47                                                      42                           6                          51                           6
48                                                      43                           6                          44                           1
49                                                      43                           6                          45                           6
50                                                      43                           6                          49                           6
51                                                      45                           6                          46                           1
52                                                      45                           6                          47                           6
53                                                      45                           6                          51                           6
54                                                      47                           6                          48                           1
55                                                      47                           6                          49                           6
56                                                      49                           6                          50                           1
57                                                      49                           6                          51                           6
58                                                      51                           6                          52                           1
59                                                      53                           6                          54                           8
60                                                      53                           6                          55                           7
61                                                      54                           8                          55                           7
62                                                      55                           7                          56                           1
63                                                      55                           7                          57                           6
64                                                      57                           6                          58                           1
65                                                      57                           6                          59                           6
66                                                      57                           6                          73                           6
67                                                      59                           6                          60                           1
68                                                      59                           6                          61                           1
69                                                      59                           6                          62                           6
70                                                      62                           6                          63                           6
71                                                      62                           6                          67                           6
72                                                      62                           6                          71                           6
73                                                      63                           6                          64                           1
74                                                      63                           6                          65                           6
75                                                      63                           6                          69                           6
76                                                      65                           6                          66                           1
77                                                      65                           6                          67                           6
78                                                      65                           6                          71                           6
79                                                      67                           6                          68                           1
80                                                      67                           6                          69                           6
81                                                      69                           6                          70                           1
82                                                      69                           6                          71                           6
83                                                      71                           6                          72                           1
84                                                      73                           6                          74                           8
85                                                      73                           6                          75                           7
86                                                      74                           8                          75                           7
87                                                      75                           7                          76                           1
88                                                      75                           7                          77                           6
89                                                      77                           6                          78                           1
90                                                      77                           6                          79                           6
91                                                      77                           6                          83                           6
92                                                      79                           6                          80                           1
93                                                      79                           6                          81                           1
94                                                      79                           6                          82                           1
95                                                      83                           6                          84                           8
   &BondOrders [&Type "ArrayOfDoubles", &Dim (96,1)] "The bond orders"
                                                         0

0                                      9.4091814636427262e-01
1                                      9.9101782688297446e-01
2                                      9.5735118220267768e-01
3                                      9.7142191144076095e-01
4                                      9.1278584715502309e-01
5                                      9.7082875075652342e-01
6                                      9.7355118440170063e-01
7                                      9.8297429751506882e-01
8                                      9.6167464683572834e-01
9                                      9.8956519401252985e-01
10                                     9.8783361412805337e-01
11                                     9.8265749615716413e-01
12                                     9.8397828113962271e-01
13                                     9.8447857288011320e-01
14                                     9.8241291002060649e-01
15                                     9.8205873895787166e-01
16                                     9.8491259584395707e-01
17                                     1.8584868086072008e+00
18                                     1.0933514798842858e+00
19                                     1.5852264016454429e-01
20                                     9.2194587370118553e-01
21                                     9.4127219142041829e-01
22                                     9.5670137895136542e-01
23                                     9.6953647992408787e-01
24                                     9.1791501220917704e-01
25                                     9.6545309505675370e-01
26                                     9.9543257410475006e-01
27                                     9.9123551723676206e-01
28                                     9.8312336147678026e-01
29                                     9.8122255556346805e-01
30                                     9.8146907389524218e-01
31                                     9.7853523311942026e-01
32                                     9.8087333961369194e-01
33                                     9.8120328156385983e-01
34                                     1.8303171090214472e+00
35                                     1.1121108568749962e+00
36                                     1.6040323746108306e-01
37                                     9.0367482163692026e-01
38                                     9.6263171441266893e-01
39                                     9.5757932755989628e-01
40                                     9.4933070172189304e-01
41                                     9.4069717609115588e-01
42                                     9.7302639868977991e-01
43                                     9.6862460121453842e-01
44                                     9.8780779980382938e-01
45                                     1.3835737961370564e+00
46                                     1.1506105840300536e-01
47                                     1.4411463702425491e+00
48                                     9.6980653627096902e-01
49                                     1.4700350235187936e+00
50                                     1.0962998420340124e-01
51                                     9.7138569371565020e-01
52                                     1.3969609998662642e+00
53                                     1.1523644149833887e-01
54                                     9.7087390277870189e-01
55                                     1.4698521261710167e+00
56                                     9.6936737082340119e-01
57                                     1.4066559601459909e+00
58                                     9.7074846990926700e-01
59                                     1.8028086697421974e+00
60                                     1.1248385804707859e+00
61                                     1.5682198068397710e-01
62                                     9.1579326487490431e-01
63                                     9.4280087886602337e-01
64                                     9.5073770481896280e-01
65                                     9.5585530754730785e-01
66                                     9.3769808587489190e-01
67                                     9.7305029497354723e-01
68                                     9.6604156261614038e-01
69                                     9.9588954547577424e-01
70                                     1.4367371245723242e+00
71                                     1.1705143931815369e-01
72                                     1.3841779285480735e+00
73                                     9.7072317130807129e-01
74                                     1.4178993267885649e+00
75                                     1.1045976997678167e-01
76                                     9.7183360814060604e-01
77                                     1.4489123446664303e+00
78                                     1.1171506528534476e-01
79                                     9.7153061516135797e-01
80                                     1.4013655478852118e+00
81                                     9.7220567113180889e-01
82                                     1.4629516904449673e+00
83                                     9.7093162585310422e-01
84                                     1.8486235407334648e+00
85                                     1.0960002042803840e+00
86                                     1.5410371122707248e-01
87                                     9.1836917780636695e-01
88                                     9.3900472800722867e-01
89                                     9.5143544995684515e-01
90                                     9.7778442705656432e-01
91                                     9.1319228975231415e-01
92                                     9.8254904618734784e-01
93                                     9.8001710293437538e-01
94                                     9.8053354026320039e-01
95                                     2.0411259178411671e+00
   &ATNO [&Type "ArrayOfIntegers", &Dim (85,1)] "Atomic number of the elements"
                                                         0

0                                                        7
1                                                        1
2                                                        6
3                                                        1
4                                                        6
5                                                        1
6                                                        1
7                                                        6
8                                                        1
9                                                        6
10                                                       1
11                                                       1
12                                                       1
13                                                       6
14                                                       1
15                                                       1
16                                                       1
17                                                       6
18                                                       8
19                                                       7
20                                                       1
21                                                       6
22                                                       1
23                                                       6
24                                                       1
25                                                       6
26                                                       1
27                                                       1
28                                                       1
29                                                       6
30                                                       1
31                                                       1
32                                                       1
33                                                       6
34                                                       8
35                                                       7
36                                                       1
37                                                       6
38                                                       1
39                                                       6
40                                                       1
41                                                       1
42                                                       6
43                                                       6
44                                                       1
45                                                       6
46                                                       1
47                                                       6
48                                                       1
49                                                       6
50                                                       1
51                                                       6
52                                                       1
53                                                       6
54                                                       8
55                                                       7
56                                                       1
57                                                       6
58                                                       1
59                                                       6
60                                                       1
61                                                       1
62                                                       6
63                                                       6
64                                                       1
65                                                       6
66                                                       1
67                                                       6
68                                                       1
69                                                       6
70                                                       1
71                                                       6
72                                                       1
73                                                       6
74                                                       8
75                                                       7
76                                                       1
77                                                       6
78                                                       1
79                                                       6
80                                                       1
81                                                       1
82                                                       1
83                                                       6
84                                                       8
   &NA [&Type "ArrayOfDoubles", &Dim (85,1)] "Mulliken gross atomic population"
                                                         0

0                                      7.2479445421390096e+00
1                                      8.3992577698495352e-01
2                                      5.9964172977288630e+00
3                                      9.3655174947320274e-01
4                                      6.1005118533476796e+00
5                                      9.3006784685544719e-01
6                                      9.4783767188894708e-01
7                                      6.0221465543041779e+00
8                                      9.2596312000060510e-01
9                                      6.1763754960552513e+00
10                                     9.4488771765306134e-01
11                                     9.4696770949290843e-01
12                                     9.5302326903163903e-01
13                                     6.1793491992026883e+00
14                                     9.4162973742069467e-01
15                                     9.4093620264617128e-01
16                                     9.4883406534360504e-01
17                                     5.6899813924023839e+00
18                                     8.3101853711400508e+00
19                                     7.3698854262418010e+00
20                                     8.0992730458129325e-01
21                                     5.9500929069564279e+00
22                                     9.2534210430267283e-01
23                                     6.0276048539140010e+00
24                                     9.3659693796278987e-01
25                                     6.1843635376591122e+00
26                                     9.4097754377570675e-01
27                                     9.3859495484250755e-01
28                                     9.4348995338143971e-01
29                                     6.1776691513481952e+00
30                                     9.3708175482287626e-01
31                                     9.3601124775098110e-01
32                                     9.3207223743294743e-01
33                                     5.7018894783252616e+00
34                                     8.2962311375314730e+00
35                                     7.3680948895613332e+00
36                                     7.8112317913531315e-01
37                                     5.9452022106361913e+00
38                                     9.2619201628354830e-01
39                                     6.1124518715545708e+00
40                                     9.3007842585290468e-01
41                                     9.2863400918969863e-01
42                                     5.9905690139342136e+00
43                                     6.0713353737391040e+00
44                                     9.3333996969571131e-01
45                                     6.0593248438127265e+00
46                                     9.3485884312617573e-01
47                                     6.0664370199929234e+00
48                                     9.3430898088133951e-01
49                                     6.0614784971011550e+00
50                                     9.2957421206868862e-01
51                                     6.0763767759869367e+00
52                                     9.3360325766072338e-01
53                                     5.7193481088168072e+00
54                                     8.3091723315270709e+00
55                                     7.3713167073244659e+00
56                                     8.0220981553117843e-01
57                                     5.9420774260060840e+00
58                                     9.0518638603031976e-01
59                                     6.1208178946795773e+00
60                                     9.3471324444326465e-01
61                                     9.1407929968193324e-01
62                                     5.9877513586582358e+00
63                                     6.0719879723851493e+00
64                                     9.3376839132978562e-01
65                                     6.0555386762699639e+00
66                                     9.3641339292798453e-01
67                                     6.0671936546018621e+00
68                                     9.3651862391875873e-01
69                                     6.0601023728217838e+00
70                                     9.3611359815184514e-01
71                                     6.0733565569056980e+00
72                                     9.4672510752136363e-01
73                                     5.7045656522077941e+00
74                                     8.2829262966266075e+00
75                                     7.3673147688998881e+00
76                                     8.0091179649520428e-01
77                                     5.9498537588131235e+00
78                                     8.9663894052267579e-01
79                                     6.1810619935269671e+00
80                                     9.2468412149938817e-01
81                                     9.2529641006208185e-01
82                                     9.3074596484360117e-01
83                                     5.8439146796585213e+00
84                                     8.1973442031569661e+00
   &ZA [&Type "ArrayOfDoubles", &Dim (85,1)] "Total nuclear charge"
                                                         0

0                                      7.0000000000000000e+00
1                                      1.0000000000000000e+00
2                                      6.0000000000000000e+00
3                                      1.0000000000000000e+00
4                                      6.0000000000000000e+00
5                                      1.0000000000000000e+00
6                                      1.0000000000000000e+00
7                                      6.0000000000000000e+00
8                                      1.0000000000000000e+00
9                                      6.0000000000000000e+00
10                                     1.0000000000000000e+00
11                                     1.0000000000000000e+00
12                                     1.0000000000000000e+00
13                                     6.0000000000000000e+00
14                                     1.0000000000000000e+00
15                                     1.0000000000000000e+00
16                                     1.0000000000000000e+00
17                                     6.0000000000000000e+00
18                                     8.0000000000000000e+00
19                                     7.0000000000000000e+00
20                                     1.0000000000000000e+00
21                                     6.0000000000000000e+00
22                                     1.0000000000000000e+00
23                                     6.0000000000000000e+00
24                                     1.0000000000000000e+00
25                                     6.0000000000000000e+00
26                                     1.0000000000000000e+00
27                                     1.0000000000000000e+00
28                                     1.0000000000000000e+00
29                                     6.0000000000000000e+00
30                                     1.0000000000000000e+00
31                                     1.0000000000000000e+00
32                                     1.0000000000000000e+00
33                                     6.0000000000000000e+00
34                                     8.0000000000000000e+00
35                                     7.0000000000000000e+00
36                                     1.0000000000000000e+00
37                                     6.0000000000000000e+00
38                                     1.0000000000000000e+00
39                                     6.0000000000000000e+00
40                                     1.0000000000000000e+00
41                                     1.0000000000000000e+00
42                                     6.0000000000000000e+00
43                                     6.0000000000000000e+00
44                                     1.0000000000000000e+00
45                                     6.0000000000000000e+00
46                                     1.0000000000000000e+00
47                                     6.0000000000000000e+00
48                                     1.0000000000000000e+00
49                                     6.0000000000000000e+00
50                                     1.0000000000000000e+00
51                                     6.0000000000000000e+00
52                                     1.0000000000000000e+00
53                                     6.0000000000000000e+00
54                                     8.0000000000000000e+00
55                                     7.0000000000000000e+00
56                                     1.0000000000000000e+00
57                                     6.0000000000000000e+00
58                                     1.0000000000000000e+00
59                                     6.0000000000000000e+00
60                                     1.0000000000000000e+00
61                                     1.0000000000000000e+00
62                                     6.0000000000000000e+00
63                                     6.0000000000000000e+00
64                                     1.0000000000000000e+00
65                                     6.0000000000000000e+00
66                                     1.0000000000000000e+00
67                                     6.0000000000000000e+00
68                                     1.0000000000000000e+00
69                                     6.0000000000000000e+00
70                                     1.0000000000000000e+00
71                                     6.0000000000000000e+00
72                                     1.0000000000000000e+00
73                                     6.0000000000000000e+00
74                                     8.0000000000000000e+00
75                                     7.0000000000000000e+00
76                                     1.0000000000000000e+00
77                                     6.0000000000000000e+00
78                                     1.0000000000000000e+00
79                                     6.0000000000000000e+00
80                                     1.0000000000000000e+00
81                                     1.0000000000000000e+00
82                                     1.0000000000000000e+00
83                                     6.0000000000000000e+00
84                                     8.0000000000000000e+00
   &QA [&Type "ArrayOfDoubles", &Dim (85,1)] "Mulliken gross atomic charge"
                                                         0

0                                     -2.4794454213900963e-01
1                                      1.6007422301504648e-01
2                                      3.5827022711369949e-03
3                                      6.3448250526797256e-02
4                                     -1.0051185334767965e-01
5                                      6.9932153144552811e-02
6                                      5.2162328111052925e-02
7                                     -2.2146554304177890e-02
8                                      7.4036879999394900e-02
9                                     -1.7637549605525127e-01
10                                     5.5112282346938657e-02
11                                     5.3032290507091573e-02
12                                     4.6976730968360969e-02
13                                    -1.7934919920268833e-01
14                                     5.8370262579305332e-02
15                                     5.9063797353828718e-02
16                                     5.1165934656394962e-02
17                                     3.1001860759761612e-01
18                                    -3.1018537114005085e-01
19                                    -3.6988542624180099e-01
20                                     1.9007269541870675e-01
21                                     4.9907093043572104e-02
22                                     7.4657895697327170e-02
23                                    -2.7604853914001026e-02
24                                     6.3403062037210134e-02
25                                    -1.8436353765911218e-01
26                                     5.9022456224293252e-02
27                                     6.1405045157492455e-02
28                                     5.6510046618560295e-02
29                                    -1.7766915134819516e-01
30                                     6.2918245177123744e-02
31                                     6.3988752249018899e-02
32                                     6.7927762567052574e-02
33                                     2.9811052167473839e-01
34                                    -2.9623113753147301e-01
35                                    -3.6809488956133318e-01
36                                     2.1887682086468685e-01
37                                     5.4797789363808747e-02
38                                     7.3807983716451697e-02
39                                    -1.1245187155457081e-01
40                                     6.9921574147095322e-02
41                                     7.1365990810301372e-02
42                                     9.4309860657864064e-03
43                                    -7.1335373739104035e-02
44                                     6.6660030304288687e-02
45                                    -5.9324843812726513e-02
46                                     6.5141156873824269e-02
47                                    -6.6437019992923396e-02
48                                     6.5691019118660487e-02
49                                    -6.1478497101155050e-02
50                                     7.0425787931311379e-02
51                                    -7.6376775986936707e-02
52                                     6.6396742339276615e-02
53                                     2.8065189118319278e-01
54                                    -3.0917233152707091e-01
55                                    -3.7131670732446587e-01
56                                     1.9779018446882157e-01
57                                     5.7922573993915982e-02
58                                     9.4813613969680244e-02
59                                    -1.2081789467957726e-01
60                                     6.5286755556735354e-02
61                                     8.5920700318066756e-02
62                                     1.2248641341764177e-02
63                                    -7.1987972385149313e-02
64                                     6.6231608670214381e-02
65                                    -5.5538676269963894e-02
66                                     6.3586607072015466e-02
67                                    -6.7193654601862107e-02
68                                     6.3481376081241270e-02
69                                    -6.0102372821783767e-02
70                                     6.3886401848154861e-02
71                                    -7.3356556905697978e-02
72                                     5.3274892478636371e-02
73                                     2.9543434779220590e-01
74                                    -2.8292629662660751e-01
75                                    -3.6731476889988812e-01
76                                     1.9908820350479572e-01
77                                     5.0146241186876495e-02
78                                     1.0336105947732421e-01
79                                    -1.8106199352696706e-01
80                                     7.5315878500611833e-02
81                                     7.4703589937918147e-02
82                                     6.9254035156398830e-02
83                                     1.5608532034147871e-01
84                                    -1.9734420315696610e-01
   &VA [&Type "ArrayOfDoubles", &Dim (85,1)] "Mayer's total valence"
                                                         0

0                                      2.9486936177693415e+00
1                                      9.7437624312612914e-01
2                                      3.9503753718424406e+00
3                                      9.9597431950508875e-01
4                                      3.9613927527032424e+00
5                                      9.9510949395656678e-01
6                                      9.9727909152603489e-01
7                                      3.9576450250287869e+00
8                                      9.9451854039995524e-01
9                                      3.9659793812427266e+00
10                                     9.9696263633451132e-01
11                                     9.9718757616357145e-01
12                                     9.9779318674752626e-01
13                                     3.9646243233761287e+00
14                                     9.9659291244642290e-01
15                                     9.9651146784214584e-01
16                                     9.9738204713073753e-01
17                                     3.9272013706929836e+00
18                                     2.1281891917711029e+00
19                                     3.1779183288011130e+00
20                                     9.6387237045626750e-01
21                                     3.9266639735825883e+00
22                                     9.9442619861004700e-01
23                                     3.9648653058268213e+00
24                                     9.9598005172430570e-01
25                                     3.9671967403375401e+00
26                                     9.9651634966125135e-01
27                                     9.9622942042920626e-01
28                                     9.9680661463116815e-01
29                                     3.9630425028861556e+00
30                                     9.9604129442383138e-01
31                                     9.9590543958561373e-01
32                                     9.9538581907263413e-01
33                                     3.9292413839711653e+00
34                                     2.0995422789154832e+00
35                                     3.2077881632321943e+00
36                                     9.5209293728816780e-01
37                                     3.9367829387286535e+00
38                                     9.9455238153971204e-01
39                                     3.9569573213103917e+00
40                                     9.9511097346879229e-01
41                                     9.9490689535566401e-01
42                                     3.9707341909504823e+00
43                                     3.9748195046456045e+00
44                                     9.9555644035983126e-01
45                                     3.9777513257537613e+00
46                                     9.9575662968113987e-01
47                                     3.9795657460288534e+00
48                                     9.9568469000715176e-01
49                                     3.9792835888267732e+00
50                                     9.9504020839425400e-01
51                                     3.9756229279406718e+00
52                                     9.9559147260673175e-01
53                                     3.9317219731493096e+00
54                                     2.0668300873793792e+00
55                                     3.2073329208568158e+00
56                                     9.6087904292778958e-01
57                                     3.9191517404784246e+00
58                                     9.9101037860600849e-01
59                                     3.9614907965014066e+00
60                                     9.9573763954887506e-01
61                                     9.9261763325685293e-01
62                                     3.9738837778907143e+00
63                                     3.9763446978113364e+00
64                                     9.9561337401295558e-01
65                                     3.9754175132868359e+00
66                                     9.9595674340106910e-01
67                                     3.9690193355345933e+00
68                                     9.9597011489083198e-01
69                                     3.9727803123556824e+00
70                                     9.9591852765889610e-01
71                                     3.9724579433925622e+00
72                                     9.9716178583138970e-01
73                                     3.9357060712736343e+00
74                                     2.1035273114407431e+00
75                                     3.1842267839067508e+00
76                                     9.6036388722523303e-01
77                                     3.9218512989836287e+00
78                                     9.8931649138372502e-01
79                                     3.9565909201963665e+00
80                                     9.9432751844568112e-01
81                                     9.9441937365038735e-01
82                                     9.9520387861455628e-01
83                                     3.5550064685043754e+00
84                                     2.4347918110288980e+00
   &BVA [&Type "ArrayOfDoubles", &Dim (85,1)] "Mayer's bonded valence"
                                                         0

0                                      1.9745127153487576e+00
1                                      9.7437158832408610e-01
2                                      3.9508163021258400e+00
3                                      9.8442063372983057e-01
4                                      3.9498050303330037e+00
5                                      9.9510834716790031e-01
6                                      9.9640521082507527e-01
7                                      3.9575224104676838e+00
8                                      9.9445446673818905e-01
9                                      3.9657388314357900e+00
10                                     9.9692419130780530e-01
11                                     9.9718744236887458e-01
12                                     9.9779308237000408e-01
13                                     3.9633222659963816e+00
14                                     9.9658944769120728e-01
15                                     9.9656924778772094e-01
16                                     9.9717956870257018e-01
17                                     3.9270456643325229e+00
18                                     2.1281544560088190e+00
19                                     3.1778203115336261e+00
20                                     9.6387110096865691e-01
21                                     3.9266377509487400e+00
22                                     9.9442619807425747e-01
23                                     3.9648651632020298e+00
24                                     9.9597980421344057e-01
25                                     3.9671966661349618e+00
26                                     9.9651633930635164e-01
27                                     9.9622942112614932e-01
28                                     9.9680661210169041e-01
29                                     3.9630423403372710e+00
30                                     9.9604129432823540e-01
31                                     9.9590543901877171e-01
32                                     9.9538580945644739e-01
33                                     3.9292371871336362e+00
34                                     2.0995412969726677e+00
35                                     3.2077874947968885e+00
36                                     9.5209287329293479e-01
37                                     3.9367816711058206e+00
38                                     9.9455230727562582e-01
39                                     3.9569572315029151e+00
40                                     9.9511096046259151e-01
41                                     9.9490677606983302e-01
42                                     3.9707304679475328e+00
43                                     3.9748157030184030e+00
44                                     9.9555639233875104e-01
45                                     3.9777485546078784e+00
46                                     9.9575662916677632e-01
47                                     3.9795617306986952e+00
48                                     9.9568468649493025e-01
49                                     3.9792816570116645e+00
50                                     9.9503831398805187e-01
51                                     3.9756133771877464e+00
52                                     9.9559147254615898e-01
53                                     3.9317120286088367e+00
54                                     2.0668272891035926e+00
55                                     3.2073032416771770e+00
56                                     9.6087406606112780e-01
57                                     3.9189703129019446e+00
58                                     9.9097211929787588e-01
59                                     3.9614753755312142e+00
60                                     9.9573733268006881e-01
61                                     9.9261638906822747e-01
62                                     3.9738826917069408e+00
63                                     3.9763446404734890e+00
64                                     9.9561336536855660e-01
65                                     3.9754165675093089e+00
66                                     9.9595674333242712e-01
67                                     3.9690192630712815e+00
68                                     9.9597009715957996e-01
69                                     3.9727788216233728e+00
70                                     9.9591852263579406e-01
71                                     3.9724570160537178e+00
72                                     9.9716178933889588e-01
73                                     3.9348378416602725e+00
74                                     2.1002815608294365e+00
75                                     3.1684921213715138e+00
76                                     9.5989182635327575e-01
77                                     3.8450030354652189e+00
78                                     9.8931782343903130e-01
79                                     3.9562479906369443e+00
80                                     9.9432618459509814e-01
81                                     9.9399174485270980e-01
82                                     9.9489690520096774e-01
83                                     2.9999326211474360e+00
84                                     2.0884288044012478e+00
   &FA [&Type "ArrayOfDoubles", &Dim (85,1)] "Mayer's free valence"
                                                         0

0                                      9.7418090242058386e-01
1                                      4.6548020430184829e-06
2                                     -4.4093028339959673e-04
3                                      1.1553685775258164e-02
4                                      1.1587722370238536e-02
5                                      1.1467886665085503e-06
6                                      8.7388070095964867e-04
7                                      1.2261456110291961e-04
8                                      6.4073661766190276e-05
9                                      2.4054980693676012e-04
10                                     3.8445026706007077e-05
11                                     1.3379469686037943e-07
12                                     1.0437752214016415e-07
13                                     1.3020573797470770e-03
14                                     3.4647552156425403e-06
15                                    -5.7779945575110938e-05
16                                     2.0247842816732882e-04
17                                     1.5570636046068417e-04
18                                     3.4735762284063866e-05
19                                     9.8017267486968590e-05
20                                     1.2694876106320147e-06
21                                     2.6222633848429209e-05
22                                     5.3578952183355481e-10
23                                     1.4262479146259188e-07
24                                     2.4751086513499538e-07
25                                     7.4202578280987997e-08
26                                     1.0354899675461679e-08
27                                    -6.9694302220970835e-10
28                                     2.5294777375554618e-09
29                                     1.6254888473366925e-07
30                                     9.5596013883010008e-11
31                                     5.6684199460823110e-10
32                                     9.6161866931253531e-09
33                                     4.1968375288833859e-06
34                                     9.8194281555980604e-07
35                                     6.6843530583983199e-07
36                                     6.3995232966191444e-08
37                                     1.2676228330310392e-06
38                                     7.4264086182546191e-08
39                                     8.9807476520640220e-08
40                                     1.3006200820397952e-08
41                                     1.1928583100881705e-07
42                                     3.7230029493691964e-06
43                                     3.8016272015504012e-06
44                                     4.8021080183506521e-08
45                                     2.7711458828799264e-06
46                                     5.1436356821780572e-10
47                                     4.0153301581757295e-06
48                                     3.5122215228364001e-09
49                                     1.9318151087436772e-06
50                                     1.8944062021054864e-06
51                                     9.5507529254321540e-06
52                                     6.0572715686855755e-11
53                                     9.9445404729012749e-06
54                                     2.7982757866697083e-06
55                                     2.9679179638663196e-05
56                                     4.9768666618127508e-06
57                                     1.8142757647996238e-04
58                                     3.8259308132641277e-05
59                                     1.5420970192579203e-05
60                                     3.0686880622462202e-07
61                                     1.2441886254722467e-06
62                                     1.0861837735242894e-06
63                                     5.7337847245929857e-08
64                                     8.6443989211137398e-09
65                                     9.4577752696537458e-07
66                                     6.8641968898831702e-11
67                                     7.2463312013274553e-08
68                                     1.7731252002573596e-08
69                                     1.4907323096683759e-06
70                                     5.0231020136309827e-09
71                                     9.2733884444731639e-07
72                                    -3.5075061350609738e-09
73                                     8.6822961336156064e-04
74                                     3.2457506113066806e-03
75                                     1.5734662535237247e-02
76                                     4.7206087195726811e-04
77                                     7.6848263518409593e-02
78                                    -1.3320553062488860e-06
79                                     3.4292955942231106e-04
80                                     1.3338505829648024e-06
81                                     4.2762879767755529e-04
82                                     3.0697341358856920e-04
83                                     5.5507384735693943e-01
84                                     3.4636300662765018e-01
   &Method [&Type "String"] "CASSCF"
   &Level [&Type "String"] "Relaxed density"
   &Mult [&Type "Integer"] 1
   &State [&Type "Integer"] 0
   &Irrep [&Type "Integer"] 0
$End
$Single_Point_Data
   &GeometryIndex 1
   &FinalEnergy [&Type "Double"]      -1.8596860705832137e+03  "Final single point energy"
   &Converged [&Type "Boolean"] true
$End
$Calculation_Info
   &GeometryIndex 1
   &Mult [&Type "Integer"] 1
   &Charge [&Type "Integer"] 0
   &NumOfAtoms [&Type "Integer"] 85
   &NumOfElectrons [&Type "Integer"] 310
   &NumOfBasisFuncts [&Type "Integer"] 253
   &NumOfAuxCBasisFuncts [&Type "Integer"] 0
   &NumOfAuxJBasisFuncts [&Type "Integer"] 0
   &NumOfAuxJKBasisFuncts [&Type "Integer"] 0
   &NumOfCABSBasisFuncts [&Type "Integer"] 0
$End
$CASSCF_Dipole_Moment
   &GeometryIndex 1
   &dipoleMagnitude [&Type "Double", &Units "a.u."]       2.5851631826083175e+00
   &dipoleElecContrib [&Type "ArrayOfDoubles", &Dim (3,1)] "Electronic contribution"
                                                         0

0                                     -1.3715662706944498e+01
1                                      1.2938241679001200e+01
2                                     -2.7282042155113590e+01
   &dipoleNucContrib [&Type "ArrayOfDoubles", &Dim (3,1)] "Nuclear contribution"
                                                         0

0                                      1.5894370464855228e+01
1                                     -1.1590562741273686e+01
2                                      2.6935541553182219e+01
   &dipoleTotal [&Type "ArrayOfDoubles", &Dim (3,1)] "Total"
                                                         0

0                                      2.1787077579107308e+00
1                                      1.3476789377275136e+00
2                                     -3.4650060193137122e-01
   &doAtomicDipole [&Type "Boolean"] false
   &Method [&Type "String"] "CASSCF"
   &Level [&Type "String"] "Relaxed density"
   &Mult [&Type "Integer"] 1
   &State [&Type "Integer"] 0
   &Irrep [&Type "Integer"] 0
$End
$Calculation_Timings
   &GeometryIndex 1
   &GTOINT [&Type "Double"]       4.3367370000000003e+00
   &SCF [&Type "Double"]       9.6898299999999971e-01
   &CASSCF [&Type "Double"]       2.4999605799999998e+02
   &PROPINT [&Type "Double"]       5.8615299999999593e-01
   &PROP [&Type "Double"]       5.4231299999997873e-01
   &SUM [&Type "Double"]       2.5643024399999996e+02
$End
