*************************************************
******************* ORCA 6.1.0-f.0 ******************
*************************************************
$Calculation_Status
   &GeometryIndex 1
   &version [&Type "String"] "6.1.0-f.0"
   &progName [&Type "String"] "ProgCAS"
   &Status [&Type "String"] "NORMAL TERMINATION"
$End
$Geometry
   &GeometryIndex 1
   &NAtoms [&Type "Integer"] 85
   &NCorelessECP [&Type "Integer"] 0
   &NGhostAtoms [&Type "Integer"] 0
   &CartesianCoordinates [&Type "Coordinates", &Dim(85,4), &Units "Bohr"] 
              N     83.771559516729   43.161344898761  100.930272812734
              H     83.091258108517   42.329865399836  102.517642765228
              C     81.995216950843   44.427461408489   99.267313814883
              H     81.579477201380   42.915680501352   97.925608259799
              C     79.708648328798   45.372324475449  100.722402938003
              H     80.407846998349   46.732927291873  102.101903015765
              H     78.914963352551   43.728262738938  101.686163266303
              C     77.440976968093   46.506160155802   99.324005598901
              H     78.083483853626   48.301399983027   98.568115145332
              C     76.590600207828   44.824303896612   97.131923283552
              H     78.140175637644   44.786509373934   95.771320467129
              H     76.137065935687   42.896783240012   97.717738385068
              H     74.889846687299   45.693577918216   96.338238307305
              C     75.324483698101   47.054180734639  101.175937210144
              H     74.852052164621   45.296735430092  102.139697538444
              H     75.910298799617   48.282502721688  102.725512639959
              H     73.548141132215   47.828968449547  100.457841279254
              C     83.053463585839   46.600646462498   97.698841123729
              O     82.864490972447   46.619543723837   95.374477979006
              N     84.243991050209   48.471475335080   98.889368588099
              H     84.073915698156   48.452578073741  100.797991983360
              C     85.169956855831   50.644660389090   97.509868510337
              H     83.412511551284   51.419448103997   96.772875318107
              C     85.906950048060   52.704461875064   99.361800121579
              H     84.527449970298   52.647770091046  100.892478290056
              C     88.514772112871   52.288722125601  100.533430324611
              H     88.306902238140   50.455687775697  101.421601607554
              H     90.045450281348   52.232030341583   99.153930246848
              H     88.854922816977   53.932783862113  101.723957788981
              C     85.226648639848   55.312283939875   98.303553486584
              H     86.530559672254   55.860304518712   96.791772579447
              H     83.261333460570   55.368975723893   97.717738385068
              H     85.415621253241   56.767373062994   99.739745348364
              C     87.002991205734   50.134434332931   95.336683456327
              O     86.984093944395   51.665112501407   93.579238151780
              N     88.476977590193   48.093530108296   95.431169763023
              H     88.571463896889   47.073077995978   97.056334238195
              C     90.196628372061   47.243153348031   93.484751845084
              H     91.368258575093   48.849420561864   92.898936743569
              C     91.916279153930   45.183351862057   94.561895741419
              H     90.782443473577   43.898338090991   95.695731421772
              H     93.257984709014   46.166009451696   95.771320467129
              C     93.276881970353   43.539290125546   92.672169607498
              C     95.506758808380   44.408564147149   91.576128449824
              H     96.300443784627   46.203803974375   92.161943551339
              C     96.735080795429   42.991269546708   89.705299577242
              H     98.549217883993   43.614879170902   89.006100907691
              C     95.752423205790   40.648009140646   88.949409123673
              H     96.640594488733   39.457481676276   87.551011784572
              C     93.503649106424   39.797632380382   90.026553020008
              H     92.747758652855   38.021289814496   89.402943395814
              C     92.275327119375   41.214926980822   91.916279153930
              H     90.536779076167   40.440139265915   92.672169607498
              C     88.760436510281   46.543954678480   91.103696916344
              O     89.629710531885   47.129769779996   89.043895430369
              N     86.738429546985   45.051071032683   91.349361313753
              H     86.284895274844   44.616434021881   93.144601140978
              C     85.207751378509   43.898338090991   89.384046134475
              H     86.549456933593   43.161344898761   88.004546056713
              C     83.620381426015   41.725153036981   90.461190030810
              H     82.165292302896   41.196029719483   89.100587214387
              H     82.883388233786   42.632221581263   92.161943551339
              C     85.283340423866   39.514173460293   91.179285961700
              C     86.322689797523   37.964598030478   89.308457089118
              H     86.417176104219   38.531515870654   87.362039171179
              C     87.532114523232   35.659132147094   89.799785883938
              H     88.250210454122   34.487501944063   88.288004976801
              C     87.853367965999   34.997728000222   92.332018903392
              H     88.987203646352   33.391460786389   92.880039482230
              C     86.681737762968   36.471714384680   94.202847775974
              H     86.454970626897   35.734721192451   96.092573909896
              C     85.302237685205   38.663796700029   93.673724458476
              H     84.281785572888   39.570865244311   95.204402626953
              C     83.620381426015   46.033728622322   88.288004976801
              O     83.639278687355   46.714030030533   86.077025400113
              N     82.221984086914   47.413228700084   89.875374929295
              H     82.033011473522   46.770721814551   91.670614756520
              C     80.464538782367   49.321852095345   89.006100907691
              H     79.160627749961   48.395886289723   87.702189875285
              C     79.274011317997   50.380098730341   91.406053097771
              H     77.781127672199   51.665112501407   90.801340734916
              H     78.612607171124   48.736036993829   92.445402471428
              H     80.540127827724   51.287167274623   92.766655914194
              C     81.768449814773   51.627317978729   87.872265227338
              O     80.842484009151   52.572181045689   85.963641832078
$End
$CAS_SCF_Energies
   &GeometryIndex 1
   &finalEnergy [&Type "Double"]      -1.8597019939332320e+03  "Final GS or SA energy"
   &numOfElectrons [&Type "Integer"] 310
   &numOfActiveEl [&Type "Integer"] 4 "Number of active electrons"
   &numOfActiveOrbs [&Type "Integer"] 4 "Number of active orbitals"
   &numOfFCElectrons [&Type "Integer"] 0
   &Method [&Type "String"] "CASSCF"
   &totalEnergy [&Type "ArrayOfDoubles", &Dim (1,1)] "Total energy of each state"
                                                         0

0                                     -1.8597019939332320e+03
   &Mult [&Type "ArrayOfIntegers", &Dim (1,1)] "Multiplicity of each state"
                                                         0

0                                                        1
   &RelCorr [&Type "String"] "None" "Relativistic correction (SOC and/or SSC)"
   &NBlocks [&Type "Integer"] 1 "Number of multiplicity blocks"
   &NRoots [&Type "ArrayOfIntegers", &Dim (1,1)] "Number of roots in each block"
                                                         0

0                                                        1
   &NTotalRoots [&Type "Integer"] 1 "Total number of roots"
   &Block [&Type "ArrayOfIntegers", &Dim (1,1)] "Block index of each state"
                                                         0

0                                                        0
   &Root [&Type "ArrayOfIntegers", &Dim (1,1)] "Root index within the block"
                                                         0

0                                                        0
$End
$Mulliken_Population_Analysis
   &GeometryIndex 1
   &NAtoms [&Type "Integer"] 85
   &ATNO [&Type "ArrayOfIntegers", &Dim (85,1)] 
                                                         0

0                                                        7
1                                                        1
2                                                        6
3                                                        1
4                                                        6
5                                                        1
6                                                        1
7                                                        6
8                                                        1
9                                                        6
10                                                       1
11                                                       1
12                                                       1
13                                                       6
14                                                       1
15                                                       1
16                                                       1
17                                                       6
18                                                       8
19                                                       7
20                                                       1
21                                                       6
22                                                       1
23                                                       6
24                                                       1
25                                                       6
26                                                       1
27                                                       1
28                                                       1
29                                                       6
30                                                       1
31                                                       1
32                                                       1
33                                                       6
34                                                       8
35                                                       7
36                                                       1
37                                                       6
38                                                       1
39                                                       6
40                                                       1
41                                                       1
42                                                       6
43                                                       6
44                                                       1
45                                                       6
46                                                       1
47                                                       6
48                                                       1
49                                                       6
50                                                       1
51                                                       6
52                                                       1
53                                                       6
54                                                       8
55                                                       7
56                                                       1
57                                                       6
58                                                       1
59                                                       6
60                                                       1
61                                                       1
62                                                       6
63                                                       6
64                                                       1
65                                                       6
66                                                       1
67                                                       6
68                                                       1
69                                                       6
70                                                       1
71                                                       6
72                                                       1
73                                                       6
74                                                       8
75                                                       7
76                                                       1
77                                                       6
78                                                       1
79                                                       6
80                                                       1
81                                                       1
82                                                       1
83                                                       6
84                                                       8
   &AtomicCharges [&Type "ArrayOfDoubles", &Dim (85,1)] 
                                                         0

0                                     -2.5550099246092906e-01
1                                      1.5673712955152763e-01
2                                     -2.3447718144193885e-03
3                                      8.5287643383492373e-02
4                                     -1.0917981712931013e-01
5                                      5.1202256031217308e-02
6                                      5.5372376812122592e-02
7                                     -2.0598093652039573e-02
8                                      5.0864758722637404e-02
9                                     -1.7706859120818663e-01
10                                     6.3204532583034045e-02
11                                     5.7487555495364884e-02
12                                     6.3777324276419023e-02
13                                    -1.7909181394224216e-01
14                                     5.2797007581437017e-02
15                                     5.5342840775637003e-02
16                                     6.4557601919714935e-02
17                                     3.0717784826406280e-01
18                                    -3.1873228728272629e-01
19                                    -3.7223148291484076e-01
20                                     1.9763122192244875e-01
21                                     4.6527374354417006e-02
22                                     7.8415088300399005e-02
23                                    -2.0312327043578549e-02
24                                     4.9511007025420439e-02
25                                    -1.8305302212820873e-01
26                                     6.0874100267780618e-02
27                                     6.5609840889568671e-02
28                                     6.9341962187953077e-02
29                                    -1.7647522692471629e-01
30                                     6.8832280124682788e-02
31                                     6.2106837089212830e-02
32                                     5.6233844377632902e-02
33                                     3.0464548178748707e-01
34                                    -2.7993731557634050e-01
35                                    -3.7491979117899987e-01
36                                     1.9716990966898340e-01
37                                     5.4494562857719586e-02
38                                     8.4515280270442972e-02
39                                    -1.0997824497822073e-01
40                                     5.9707269085236714e-02
41                                     6.9101946309271911e-02
42                                     7.3171654434904809e-03
43                                    -6.1241571112180537e-02
44                                     6.1202782562665869e-02
45                                    -5.7602888833191201e-02
46                                     6.3625742755792247e-02
47                                    -6.3861873688724202e-02
48                                     6.3766242379552196e-02
49                                    -6.1078189190840071e-02
50                                     6.2461046141741416e-02
51                                    -6.6960360756862514e-02
52                                     6.4501722048186383e-02
53                                     3.0393056555622255e-01
54                                    -2.8724385749346126e-01
55                                    -3.7748672436608111e-01
56                                     1.9113611151781662e-01
57                                     5.6405026543734138e-02
58                                     8.6719098987752541e-02
59                                    -1.0830458168951029e-01
60                                     7.7996349965901879e-02
61                                     6.4982329395125937e-02
62                                     6.8995451224216353e-03
63                                    -6.6613166865929330e-02
64                                     6.5784740537428554e-02
65                                    -5.9601826189374485e-02
66                                     6.9297748779645674e-02
67                                    -6.3683917141359458e-02
68                                     6.5076750464778232e-02
69                                    -6.3904732542806819e-02
70                                     5.8970134045912781e-02
71                                    -6.9856551296356706e-02
72                                     5.9003290701731159e-02
73                                     2.9478659829812948e-01
74                                    -2.9856855602536037e-01
75                                    -3.7749437604925973e-01
76                                     2.1222774861569582e-01
77                                     5.8448598784366368e-02
78                                     8.1114145317752184e-02
79                                    -1.7488753499388743e-01
80                                     6.7865848597601808e-02
81                                     6.1933589807413814e-02
82                                     7.9616775174699006e-02
83                                     1.6930553986774477e-01
84                                    -2.0508763285867460e-01
   &Method [&Type "String"] "CASSCF"
   &Level [&Type "String"] "Relaxed density"
   &Mult [&Type "Integer"] 1
   &State [&Type "Integer"] 0
   &Irrep [&Type "Integer"] 0
$End
$Loewdin_Population_Analysis
   &GeometryIndex 1
   &NAtoms [&Type "Integer"] 85
   &ATNO [&Type "ArrayOfIntegers", &Dim (85,1)] 
                                                         0

0                                                        7
1                                                        1
2                                                        6
3                                                        1
4                                                        6
5                                                        1
6                                                        1
7                                                        6
8                                                        1
9                                                        6
10                                                       1
11                                                       1
12                                                       1
13                                                       6
14                                                       1
15                                                       1
16                                                       1
17                                                       6
18                                                       8
19                                                       7
20                                                       1
21                                                       6
22                                                       1
23                                                       6
24                                                       1
25                                                       6
26                                                       1
27                                                       1
28                                                       1
29                                                       6
30                                                       1
31                                                       1
32                                                       1
33                                                       6
34                                                       8
35                                                       7
36                                                       1
37                                                       6
38                                                       1
39                                                       6
40                                                       1
41                                                       1
42                                                       6
43                                                       6
44                                                       1
45                                                       6
46                                                       1
47                                                       6
48                                                       1
49                                                       6
50                                                       1
51                                                       6
52                                                       1
53                                                       6
54                                                       8
55                                                       7
56                                                       1
57                                                       6
58                                                       1
59                                                       6
60                                                       1
61                                                       1
62                                                       6
63                                                       6
64                                                       1
65                                                       6
66                                                       1
67                                                       6
68                                                       1
69                                                       6
70                                                       1
71                                                       6
72                                                       1
73                                                       6
74                                                       8
75                                                       7
76                                                       1
77                                                       6
78                                                       1
79                                                       6
80                                                       1
81                                                       1
82                                                       1
83                                                       6
84                                                       8
   &AtomicCharges [&Type "ArrayOfDoubles", &Dim (85,1)] 
                                                         0

0                                     -1.7814363689704127e-01
1                                      9.9606343835150990e-02
2                                      1.7341947420763226e-02
3                                      4.7448219137064318e-02
4                                     -5.1009652855517729e-02
5                                      2.0945569151039511e-02
6                                      2.4335243198149614e-02
7                                      1.7593755626021057e-02
8                                      1.7939195568038024e-02
9                                     -9.0385565643146037e-02
10                                     3.2571545043096783e-02
11                                     2.7620170879632422e-02
12                                     3.3027294376091754e-02
13                                    -9.2788017551790780e-02
14                                     2.3713881208458965e-02
15                                     2.5719986983401277e-02
16                                     3.3394821380281159e-02
17                                     2.2036576334548563e-01
18                                    -2.7621999294231259e-01
19                                    -2.1840778267919347e-01
20                                     1.3382713935057544e-01
21                                     5.1744502197741404e-02
22                                     3.8752179401405074e-02
23                                     1.5292514768580290e-02
24                                     1.8125204966894293e-02
25                                    -9.4622739567127745e-02
26                                     3.0977273709504094e-02
27                                     3.3891821179858672e-02
28                                     3.7680718117672152e-02
29                                    -8.9209898549415634e-02
30                                     3.6118691841160122e-02
31                                     3.1516047959335602e-02
32                                     2.6297345311669940e-02
33                                     2.1372436851912813e-01
34                                    -2.4020700954772778e-01
35                                    -2.2102033047572966e-01
36                                     1.3325304237751801e-01
37                                     6.2751768901157412e-02
38                                     4.2698710401905648e-02
39                                    -4.4991702162851865e-02
40                                     2.8257832153015916e-02
41                                     3.4982124421719663e-02
42                                     1.1268129087372181e-02
43                                    -3.3860243508955890e-02
44                                     2.9592931475186823e-02
45                                    -2.4958475255168366e-02
46                                     3.1106957798608392e-02
47                                    -3.1390986752787065e-02
48                                     3.1400421113730315e-02
49                                    -2.8754550834660719e-02
50                                     2.9957973395064674e-02
51                                    -3.8981786126584872e-02
52                                     3.2502675314011187e-02
53                                     2.0892300009942932e-01
54                                    -2.4336725916996826e-01
55                                    -2.2707417403545715e-01
56                                     1.2705048044495248e-01
57                                     6.6823839906445137e-02
58                                     4.4870571511848589e-02
59                                    -4.4126311631134563e-02
60                                     4.2861431893057467e-02
61                                     3.3469829506196591e-02
62                                     1.1490379260219896e-02
63                                    -3.7945596465760900e-02
64                                     3.2471766282052617e-02
65                                    -2.5602885701236922e-02
66                                     3.5886178147945036e-02
67                                    -3.0539004109518153e-02
68                                     3.2270364218457748e-02
69                                    -3.2856461447283714e-02
70                                     2.7245704396962611e-02
71                                    -4.1453841325884255e-02
72                                     2.8457825361977385e-02
73                                     2.0315532556952931e-01
74                                    -2.5420459886173141e-01
75                                    -2.3063273289398012e-01
76                                     1.4436050144860257e-01
77                                     8.0380529978711479e-02
78                                     3.8630911881794461e-02
79                                    -8.3879538199404635e-02
80                                     3.6070568187580143e-02
81                                     3.1616737871321576e-02
82                                     4.5151643886013337e-02
83                                     7.9427837921437927e-02
84                                    -1.2132476349870558e-01
   &Method [&Type "String"] "CASSCF"
   &Level [&Type "String"] "Relaxed density"
   &Mult [&Type "Integer"] 1
   &State [&Type "Integer"] 0
   &Irrep [&Type "Integer"] 0
$End
$Mayer_Population_Analysis
   &GeometryIndex 1
   &NAtoms [&Type "Integer"] 85 "Total number of atoms"
   &NBondOrdersPrint [&Type "Integer"] 96 "The number of bond orders larger than threshold"
   &bondThresh [&Type "Double"]       1.0000000000000001e-01  "The threshold for printing"
   &components [&Type "ArrayOfIntegers", &Dim (96,4)] "The indices and atomic numbers of the bonding atoms"
                                                         0                           1                           2                           3

0                                                        0                           7                           1                           1
1                                                        0                           7                           2                           6
2                                                        2                           6                           3                           1
3                                                        2                           6                           4                           6
4                                                        2                           6                          17                           6
5                                                        4                           6                           5                           1
6                                                        4                           6                           6                           1
7                                                        4                           6                           7                           6
8                                                        7                           6                           8                           1
9                                                        7                           6                           9                           6
10                                                       7                           6                          13                           6
11                                                       9                           6                          10                           1
12                                                       9                           6                          11                           1
13                                                       9                           6                          12                           1
14                                                      13                           6                          14                           1
15                                                      13                           6                          15                           1
16                                                      13                           6                          16                           1
17                                                      17                           6                          18                           8
18                                                      17                           6                          19                           7
19                                                      18                           8                          19                           7
20                                                      19                           7                          20                           1
21                                                      19                           7                          21                           6
22                                                      21                           6                          22                           1
23                                                      21                           6                          23                           6
24                                                      21                           6                          33                           6
25                                                      23                           6                          24                           1
26                                                      23                           6                          25                           6
27                                                      23                           6                          29                           6
28                                                      25                           6                          26                           1
29                                                      25                           6                          27                           1
30                                                      25                           6                          28                           1
31                                                      29                           6                          30                           1
32                                                      29                           6                          31                           1
33                                                      29                           6                          32                           1
34                                                      33                           6                          34                           8
35                                                      33                           6                          35                           7
36                                                      34                           8                          35                           7
37                                                      35                           7                          36                           1
38                                                      35                           7                          37                           6
39                                                      37                           6                          38                           1
40                                                      37                           6                          39                           6
41                                                      37                           6                          53                           6
42                                                      39                           6                          40                           1
43                                                      39                           6                          41                           1
44                                                      39                           6                          42                           6
45                                                      42                           6                          43                           6
46                                                      42                           6                          47                           6
47                                                      42                           6                          51                           6
48                                                      43                           6                          44                           1
49                                                      43                           6                          45                           6
50                                                      43                           6                          49                           6
51                                                      45                           6                          46                           1
52                                                      45                           6                          47                           6
53                                                      45                           6                          51                           6
54                                                      47                           6                          48                           1
55                                                      47                           6                          49                           6
56                                                      49                           6                          50                           1
57                                                      49                           6                          51                           6
58                                                      51                           6                          52                           1
59                                                      53                           6                          54                           8
60                                                      53                           6                          55                           7
61                                                      54                           8                          55                           7
62                                                      55                           7                          56                           1
63                                                      55                           7                          57                           6
64                                                      57                           6                          58                           1
65                                                      57                           6                          59                           6
66                                                      57                           6                          73                           6
67                                                      59                           6                          60                           1
68                                                      59                           6                          61                           1
69                                                      59                           6                          62                           6
70                                                      62                           6                          63                           6
71                                                      62                           6                          67                           6
72                                                      62                           6                          71                           6
73                                                      63                           6                          64                           1
74                                                      63                           6                          65                           6
75                                                      63                           6                          69                           6
76                                                      65                           6                          66                           1
77                                                      65                           6                          67                           6
78                                                      65                           6                          71                           6
79                                                      67                           6                          68                           1
80                                                      67                           6                          69                           6
81                                                      69                           6                          70                           1
82                                                      69                           6                          71                           6
83                                                      71                           6                          72                           1
84                                                      73                           6                          74                           8
85                                                      73                           6                          75                           7
86                                                      74                           8                          75                           7
87                                                      75                           7                          76                           1
88                                                      75                           7                          77                           6
89                                                      77                           6                          78                           1
90                                                      77                           6                          79                           6
91                                                      77                           6                          83                           6
92                                                      79                           6                          80                           1
93                                                      79                           6                          81                           1
94                                                      79                           6                          82                           1
95                                                      83                           6                          84                           8
   &BondOrders [&Type "ArrayOfDoubles", &Dim (96,1)] "The bond orders"
                                                         0

0                                      9.4252498499394655e-01
1                                      9.9181793784622108e-01
2                                      9.5189258414770272e-01
3                                      9.7428390487865035e-01
4                                      9.2940976188584357e-01
5                                      9.7203397117051982e-01
6                                      9.7229184005406466e-01
7                                      9.8074471794128637e-01
8                                      9.6750157218899946e-01
9                                      9.9317596145299025e-01
10                                     9.9521278123043910e-01
11                                     9.8028201101326218e-01
12                                     9.8142048381965485e-01
13                                     9.8210391344770831e-01
14                                     9.8289133986267663e-01
15                                     9.8246251622222880e-01
16                                     9.8033436792757489e-01
17                                     1.8116793147099590e+00
18                                     1.1204273331742345e+00
19                                     1.6092007484841422e-01
20                                     9.1582368511059020e-01
21                                     9.3112091539435282e-01
22                                     9.5523671072269511e-01
23                                     9.7103165876246900e-01
24                                     9.2480864728258316e-01
25                                     9.6524205291193632e-01
26                                     9.9439250398072421e-01
27                                     9.9197188187484064e-01
28                                     9.8141567514730610e-01
29                                     9.8072508497466637e-01
30                                     9.8184679585384216e-01
31                                     9.8148819706684687e-01
32                                     9.8050149499363182e-01
33                                     9.8327853237370832e-01
34                                     1.8563044684929737e+00
35                                     1.0926796425264576e+00
36                                     1.5943558946707820e-01
37                                     9.1641970274753548e-01
38                                     9.4089841681362196e-01
39                                     9.5543775239146989e-01
40                                     9.6943664174934241e-01
41                                     9.2653067327787630e-01
42                                     9.7142183169979424e-01
43                                     9.7053479676098697e-01
44                                     9.9531882995267529e-01
45                                     1.4122193749071237e+00
46                                     1.0972395831432973e-01
47                                     1.4239683918383130e+00
48                                     9.7097053369141384e-01
49                                     1.4401402696902972e+00
50                                     1.1425531823830937e-01
51                                     9.7190210946764355e-01
52                                     1.4240550893173416e+00
53                                     1.1725212281216178e-01
54                                     9.7205385600513106e-01
55                                     1.4442955775759894e+00
56                                     9.7190111334560636e-01
57                                     1.4231846607583178e+00
58                                     9.6822102807976740e-01
59                                     1.8601869508751641e+00
60                                     1.0847314885655492e+00
61                                     1.5996151492459632e-01
62                                     9.1505795275328361e-01
63                                     9.3994363731726260e-01
64                                     9.5762398042098829e-01
65                                     9.7407269798669716e-01
66                                     9.2637054271147101e-01
67                                     9.6691112542738766e-01
68                                     9.7031830603791902e-01
69                                     9.9208013473271384e-01
70                                     1.4180823383530743e+00
71                                     1.1295407205345778e-01
72                                     1.4123515821676471e+00
73                                     9.7051168479925121e-01
74                                     1.4292979577655225e+00
75                                     1.1721546792345823e-01
76                                     9.7132166075643755e-01
77                                     1.4394743410145936e+00
78                                     1.1154559050460700e-01
79                                     9.7159149066458861e-01
80                                     1.4237799783134366e+00
81                                     9.7227981835450761e-01
82                                     1.4381636639151529e+00
83                                     9.7055302102662255e-01
84                                     1.8520048229563941e+00
85                                     1.0901935010012873e+00
86                                     1.5338514835141229e-01
87                                     8.9403368328154187e-01
88                                     9.5187413811794441e-01
89                                     9.4818644884656167e-01
90                                     9.8439649139783214e-01
91                                     9.0670573745433969e-01
92                                     9.8169150809688810e-01
93                                     9.7896217622056525e-01
94                                     9.7818703804169016e-01
95                                     2.0416139937606954e+00
   &ATNO [&Type "ArrayOfIntegers", &Dim (85,1)] "Atomic number of the elements"
                                                         0

0                                                        7
1                                                        1
2                                                        6
3                                                        1
4                                                        6
5                                                        1
6                                                        1
7                                                        6
8                                                        1
9                                                        6
10                                                       1
11                                                       1
12                                                       1
13                                                       6
14                                                       1
15                                                       1
16                                                       1
17                                                       6
18                                                       8
19                                                       7
20                                                       1
21                                                       6
22                                                       1
23                                                       6
24                                                       1
25                                                       6
26                                                       1
27                                                       1
28                                                       1
29                                                       6
30                                                       1
31                                                       1
32                                                       1
33                                                       6
34                                                       8
35                                                       7
36                                                       1
37                                                       6
38                                                       1
39                                                       6
40                                                       1
41                                                       1
42                                                       6
43                                                       6
44                                                       1
45                                                       6
46                                                       1
47                                                       6
48                                                       1
49                                                       6
50                                                       1
51                                                       6
52                                                       1
53                                                       6
54                                                       8
55                                                       7
56                                                       1
57                                                       6
58                                                       1
59                                                       6
60                                                       1
61                                                       1
62                                                       6
63                                                       6
64                                                       1
65                                                       6
66                                                       1
67                                                       6
68                                                       1
69                                                       6
70                                                       1
71                                                       6
72                                                       1
73                                                       6
74                                                       8
75                                                       7
76                                                       1
77                                                       6
78                                                       1
79                                                       6
80                                                       1
81                                                       1
82                                                       1
83                                                       6
84                                                       8
   &NA [&Type "ArrayOfDoubles", &Dim (85,1)] "Mulliken gross atomic population"
                                                         0

0                                      7.2555009924609308e+00
1                                      8.4326287044847281e-01
2                                      6.0023447718144185e+00
3                                      9.1471235661650696e-01
4                                      6.1091798171293021e+00
5                                      9.4879774396878258e-01
6                                      9.4462762318787707e-01
7                                      6.0205980936520529e+00
8                                      9.4913524127736282e-01
9                                      6.1770685912081875e+00
10                                     9.3679546741696540e-01
11                                     9.4251244450463534e-01
12                                     9.3622267572358142e-01
13                                     6.1790918139422430e+00
14                                     9.4720299241856287e-01
15                                     9.4465715922436311e-01
16                                     9.3544239808028495e-01
17                                     5.6928221517359363e+00
18                                     8.3187322872827316e+00
19                                     7.3722314829148399e+00
20                                     8.0236877807755114e-01
21                                     5.9534726256455768e+00
22                                     9.2158491169960099e-01
23                                     6.0203123270435803e+00
24                                     9.5048899297458034e-01
25                                     6.1830530221282061e+00
26                                     9.3912589973221927e-01
27                                     9.3439015911043122e-01
28                                     9.3065803781204648e-01
29                                     6.1764752269247207e+00
30                                     9.3116771987531666e-01
31                                     9.3789316291078761e-01
32                                     9.4376615562236732e-01
33                                     5.6953545182125138e+00
34                                     8.2799373155763529e+00
35                                     7.3749197911789981e+00
36                                     8.0283009033101727e-01
37                                     5.9455054371422795e+00
38                                     9.1548471972955714e-01
39                                     6.1099782449782234e+00
40                                     9.4029273091476329e-01
41                                     9.3089805369072742e-01
42                                     5.9926828345565184e+00
43                                     6.0612415711121796e+00
44                                     9.3879721743733469e-01
45                                     6.0576028888331876e+00
46                                     9.3637425724420853e-01
47                                     6.0638618736887278e+00
48                                     9.3623375762044780e-01
49                                     6.0610781891908445e+00
50                                     9.3753895385825803e-01
51                                     6.0669603607568625e+00
52                                     9.3549827795181351e-01
53                                     5.6960694344437757e+00
54                                     8.2872438574934613e+00
55                                     7.3774867243660758e+00
56                                     8.0886388848218371e-01
57                                     5.9435949734562676e+00
58                                     9.1328090101224735e-01
59                                     6.1083045816895138e+00
60                                     9.2200365003409845e-01
61                                     9.3501767060487417e-01
62                                     5.9931004548775677e+00
63                                     6.0666131668659178e+00
64                                     9.3421525946257078e-01
65                                     6.0596018261893869e+00
66                                     9.3070225122035455e-01
67                                     6.0636839171413612e+00
68                                     9.3492324953522188e-01
69                                     6.0639047325428086e+00
70                                     9.4102986595408722e-01
71                                     6.0698565512963603e+00
72                                     9.4099670929826884e-01
73                                     5.7052134017018670e+00
74                                     8.2985685560253604e+00
75                                     7.3774943760492544e+00
76                                     7.8777225138430429e-01
77                                     5.9415514012156256e+00
78                                     9.1888585468224815e-01
79                                     6.1748875349938830e+00
80                                     9.3213415140239808e-01
81                                     9.3806641019258608e-01
82                                     9.2038322482530099e-01
83                                     5.8306944601322588e+00
84                                     8.2050876328586746e+00
   &ZA [&Type "ArrayOfDoubles", &Dim (85,1)] "Total nuclear charge"
                                                         0

0                                      7.0000000000000000e+00
1                                      1.0000000000000000e+00
2                                      6.0000000000000000e+00
3                                      1.0000000000000000e+00
4                                      6.0000000000000000e+00
5                                      1.0000000000000000e+00
6                                      1.0000000000000000e+00
7                                      6.0000000000000000e+00
8                                      1.0000000000000000e+00
9                                      6.0000000000000000e+00
10                                     1.0000000000000000e+00
11                                     1.0000000000000000e+00
12                                     1.0000000000000000e+00
13                                     6.0000000000000000e+00
14                                     1.0000000000000000e+00
15                                     1.0000000000000000e+00
16                                     1.0000000000000000e+00
17                                     6.0000000000000000e+00
18                                     8.0000000000000000e+00
19                                     7.0000000000000000e+00
20                                     1.0000000000000000e+00
21                                     6.0000000000000000e+00
22                                     1.0000000000000000e+00
23                                     6.0000000000000000e+00
24                                     1.0000000000000000e+00
25                                     6.0000000000000000e+00
26                                     1.0000000000000000e+00
27                                     1.0000000000000000e+00
28                                     1.0000000000000000e+00
29                                     6.0000000000000000e+00
30                                     1.0000000000000000e+00
31                                     1.0000000000000000e+00
32                                     1.0000000000000000e+00
33                                     6.0000000000000000e+00
34                                     8.0000000000000000e+00
35                                     7.0000000000000000e+00
36                                     1.0000000000000000e+00
37                                     6.0000000000000000e+00
38                                     1.0000000000000000e+00
39                                     6.0000000000000000e+00
40                                     1.0000000000000000e+00
41                                     1.0000000000000000e+00
42                                     6.0000000000000000e+00
43                                     6.0000000000000000e+00
44                                     1.0000000000000000e+00
45                                     6.0000000000000000e+00
46                                     1.0000000000000000e+00
47                                     6.0000000000000000e+00
48                                     1.0000000000000000e+00
49                                     6.0000000000000000e+00
50                                     1.0000000000000000e+00
51                                     6.0000000000000000e+00
52                                     1.0000000000000000e+00
53                                     6.0000000000000000e+00
54                                     8.0000000000000000e+00
55                                     7.0000000000000000e+00
56                                     1.0000000000000000e+00
57                                     6.0000000000000000e+00
58                                     1.0000000000000000e+00
59                                     6.0000000000000000e+00
60                                     1.0000000000000000e+00
61                                     1.0000000000000000e+00
62                                     6.0000000000000000e+00
63                                     6.0000000000000000e+00
64                                     1.0000000000000000e+00
65                                     6.0000000000000000e+00
66                                     1.0000000000000000e+00
67                                     6.0000000000000000e+00
68                                     1.0000000000000000e+00
69                                     6.0000000000000000e+00
70                                     1.0000000000000000e+00
71                                     6.0000000000000000e+00
72                                     1.0000000000000000e+00
73                                     6.0000000000000000e+00
74                                     8.0000000000000000e+00
75                                     7.0000000000000000e+00
76                                     1.0000000000000000e+00
77                                     6.0000000000000000e+00
78                                     1.0000000000000000e+00
79                                     6.0000000000000000e+00
80                                     1.0000000000000000e+00
81                                     1.0000000000000000e+00
82                                     1.0000000000000000e+00
83                                     6.0000000000000000e+00
84                                     8.0000000000000000e+00
   &QA [&Type "ArrayOfDoubles", &Dim (85,1)] "Mulliken gross atomic charge"
                                                         0

0                                     -2.5550099246093083e-01
1                                      1.5673712955152719e-01
2                                     -2.3447718144185004e-03
3                                      8.5287643383493039e-02
4                                     -1.0917981712930214e-01
5                                      5.1202256031217419e-02
6                                      5.5372376812122925e-02
7                                     -2.0598093652052896e-02
8                                      5.0864758722637182e-02
9                                     -1.7706859120818752e-01
10                                     6.3204532583034601e-02
11                                     5.7487555495364662e-02
12                                     6.3777324276418579e-02
13                                    -1.7909181394224305e-01
14                                     5.2797007581437128e-02
15                                     5.5342840775636892e-02
16                                     6.4557601919715046e-02
17                                     3.0717784826406369e-01
18                                    -3.1873228728273162e-01
19                                    -3.7223148291483987e-01
20                                     1.9763122192244886e-01
21                                     4.6527374354423223e-02
22                                     7.8415088300399005e-02
23                                    -2.0312327043580325e-02
24                                     4.9511007025419662e-02
25                                    -1.8305302212820607e-01
26                                     6.0874100267780729e-02
27                                     6.5609840889568782e-02
28                                     6.9341962187953521e-02
29                                    -1.7647522692472073e-01
30                                     6.8832280124683343e-02
31                                     6.2106837089212386e-02
32                                     5.6233844377632680e-02
33                                     3.0464548178748618e-01
34                                    -2.7993731557635293e-01
35                                    -3.7491979117899810e-01
36                                     1.9716990966898273e-01
37                                     5.4494562857720474e-02
38                                     8.4515280270442861e-02
39                                    -1.0997824497822339e-01
40                                     5.9707269085236714e-02
41                                     6.9101946309272577e-02
42                                     7.3171654434815991e-03
43                                    -6.1241571112179649e-02
44                                     6.1202782562665314e-02
45                                    -5.7602888833187649e-02
46                                     6.3625742755791470e-02
47                                    -6.3861873688727755e-02
48                                     6.3766242379552196e-02
49                                    -6.1078189190844512e-02
50                                     6.2461046141741972e-02
51                                    -6.6960360756862514e-02
52                                     6.4501722048186494e-02
53                                     3.0393056555622433e-01
54                                    -2.8724385749346126e-01
55                                    -3.7748672436607578e-01
56                                     1.9113611151781629e-01
57                                     5.6405026543732362e-02
58                                     8.6719098987752652e-02
59                                    -1.0830458168951385e-01
60                                     7.7996349965901546e-02
61                                     6.4982329395125826e-02
62                                     6.8995451224322935e-03
63                                    -6.6613166865917783e-02
64                                     6.5784740537429220e-02
65                                    -5.9601826189386919e-02
66                                     6.9297748779645452e-02
67                                    -6.3683917141361235e-02
68                                     6.5076750464778121e-02
69                                    -6.3904732542808595e-02
70                                     5.8970134045912781e-02
71                                    -6.9856551296360259e-02
72                                     5.9003290701731159e-02
73                                     2.9478659829813303e-01
74                                    -2.9856855602536037e-01
75                                    -3.7749437604925440e-01
76                                     2.1222774861569571e-01
77                                     5.8448598784374362e-02
78                                     8.1114145317751851e-02
79                                    -1.7488753499388299e-01
80                                     6.7865848597601919e-02
81                                     6.1933589807413925e-02
82                                     7.9616775174699006e-02
83                                     1.6930553986774122e-01
84                                    -2.0508763285867460e-01
   &VA [&Type "ArrayOfDoubles", &Dim (85,1)] "Mayer's total valence"
                                                         0

0                                      2.9487621193095506e+00
1                                      9.7543347221994781e-01
2                                      3.9531937788693248e+00
3                                      9.9272601788609016e-01
4                                      3.9650423890301898e+00
5                                      9.9737832897731371e-01
6                                      9.9693389988617631e-01
7                                      3.9676469165363195e+00
8                                      9.9741277632008796e-01
9                                      3.9651093600438276e+00
10                                     9.9600518706096008e-01
11                                     9.9669518096316734e-01
12                                     9.9593245290814059e-01
13                                     3.9663487681953873e+00
14                                     9.9721247599044571e-01
15                                     9.9693716997488246e-01
16                                     9.9583231603437561e-01
17                                     3.9322516652793347e+00
18                                     2.1064634973289054e+00
19                                     3.1922443632857629e+00
20                                     9.6094190012143976e-01
21                                     3.9169739007536220e+00
22                                     9.9385107392684058e-01
23                                     3.9644886306006764e+00
24                                     9.9754866018332888e-01
25                                     3.9658231335997871e+00
26                                     9.9629434391658822e-01
27                                     9.9569534877844545e-01
28                                     9.9519169227992443e-01
29                                     3.9635978191190779e+00
30                                     9.9526211721283708e-01
31                                     9.9614274078677401e-01
32                                     9.9683775474651215e-01
33                                     3.9397995365783571e+00
34                                     2.1149555488139167e+00
35                                     3.1790332680265658e+00
36                                     9.6112402672112518e-01
37                                     3.9231961956999490e+00
38                                     9.9285716740080854e-01
39                                     3.9652660317402555e+00
40                                     9.9643504201838318e-01
41                                     9.9522492101627036e-01
42                                     3.9787659848577350e+00
43                                     3.9770451964364644e+00
44                                     9.9625421940658709e-01
45                                     3.9764446678021956e+00
46                                     9.9595176485877390e-01
47                                     3.9774967294605341e+00
48                                     9.9593386633279224e-01
49                                     3.9774805064027823e+00
50                                     9.9609861771487918e-01
51                                     3.9754455445142569e+00
52                                     9.9583952785281848e-01
53                                     3.9356722288306942e+00
54                                     2.1145184501495291e+00
55                                     3.1710678963390815e+00
56                                     9.6346698687384891e-01
57                                     3.9261104465232806e+00
58                                     9.9247979787075236e-01
59                                     3.9636690503702345e+00
60                                     9.9391656939199657e-01
61                                     9.9577729686638339e-01
62                                     3.9762369498898686e+00
63                                     3.9765497907297376e+00
64                                     9.9567236791242308e-01
65                                     3.9764403737169149e+00
66                                     9.9519782201407314e-01
67                                     3.9766692382553153e+00
68                                     9.9576501654894500e-01
69                                     3.9760567028405847e+00
70                                     9.9652252329060709e-01
71                                     3.9764507653678351e+00
72                                     9.9651861168636702e-01
73                                     3.9338546983004004e+00
74                                     2.1059286170164713e+00
75                                     3.1670073348839876e+00
76                                     9.5495938271751302e-01
77                                     3.9333246819066656e+00
78                                     9.9342049542937061e-01
79                                     3.9609249984108370e+00
80                                     9.9539422659412735e-01
81                                     9.9616423045356695e-01
82                                     9.9366116911078139e-01
83                                     3.5549666453800364e+00
84                                     2.4279849614207172e+00
   &BVA [&Type "ArrayOfDoubles", &Dim (85,1)] "Mayer's bonded valence"
                                                         0

0                                      1.9778425984416721e+00
1                                      9.7538688772338455e-01
2                                      3.9523299751959833e+00
3                                      9.7481814899451424e-01
4                                      3.9617115876234745e+00
5                                      9.9729139523921806e-01
6                                      9.9689977686063536e-01
7                                      3.9672974896821303e+00
8                                      9.9740412437996517e-01
9                                      3.9650454995091162e+00
10                                     9.9600740180027614e-01
11                                     9.9669396676412980e-01
12                                     9.9589023578424307e-01
13                                     3.9662585859031054e+00
14                                     9.9721221640700952e-01
15                                     9.9693638792232386e-01
16                                     9.9580724229134976e-01
17                                     3.9276196044174894e+00
18                                     2.1057832670189840e+00
19                                     3.1915198239004581e+00
20                                     9.6085679901781074e-01
21                                     3.9169233122123108e+00
22                                     9.9383199078902373e-01
23                                     3.9644594408049745e+00
24                                     9.9754805434738480e-01
25                                     3.9658222001131604e+00
26                                     9.9629420998492402e-01
27                                     9.9569524935880416e-01
28                                     9.9519135148182325e-01
29                                     3.9635932619464023e+00
30                                     9.9526210645241497e-01
31                                     9.9614268119401073e-01
32                                     9.9683686535670157e-01
33                                     3.9397971159788603e+00
34                                     2.1149508795276071e+00
35                                     3.1790320939758008e+00
36                                     9.6112398865517024e-01
37                                     3.9231960593387862e+00
38                                     9.9285708423247665e-01
39                                     3.9652660233506989e+00
40                                     9.9643504134422933e-01
41                                     9.9522492055343148e-01
42                                     3.9787659813352212e+00
43                                     3.9770451912398559e+00
44                                     9.9625421936796665e-01
45                                     3.9764446648714475e+00
46                                     9.9595176484230652e-01
47                                     3.9774967289068548e+00
48                                     9.9593386632488334e-01
49                                     3.9774805007889564e+00
50                                     9.9609861770203745e-01
51                                     3.9754455415405445e+00
52                                     9.9583952771548812e-01
53                                     3.9356720097279339e+00
54                                     2.1145182120045796e+00
55                                     3.1710630110123641e+00
56                                     9.6346658085393944e-01
57                                     3.9260989728022841e+00
58                                     9.9247929115375033e-01
59                                     3.9636582223348706e+00
60                                     9.9391646539828027e-01
61                                     9.9577680912380628e-01
62                                     3.9762335474957435e+00
63                                     3.9765491766454444e+00
64                                     9.9567232461750144e-01
65                                     3.9764402875495759e+00
66                                     9.9519780106346478e-01
67                                     3.9766689102660164e+00
68                                     9.9576500316048910e-01
69                                     3.9760563768328501e+00
70                                     9.9652248381334463e-01
71                                     3.9764489413625812e+00
72                                     9.9651923007176069e-01
73                                     3.9335543348929560e+00
74                                     2.1049800249590889e+00
75                                     3.1652511626427837e+00
76                                     9.5468394284278357e-01
77                                     3.8511001753035070e+00
78                                     9.8238343178217391e-01
79                                     3.9606200704472236e+00
80                                     9.9527687346676197e-01
81                                     9.9574046973617936e-01
82                                     9.9348658788289967e-01
83                                     2.9936484761335489e+00
84                                     2.0869063408842035e+00
   &FA [&Type "ArrayOfDoubles", &Dim (85,1)] "Mayer's free valence"
                                                         0

0                                      9.7091952086787858e-01
1                                      4.6584496563280491e-05
2                                      8.6380367334149704e-04
3                                      1.7907868891575897e-02
4                                      3.3308014067153623e-03
5                                      8.6933738095694579e-05
6                                      3.4123025540954251e-05
7                                      3.4942685418937837e-04
8                                      8.6519401227449187e-06
9                                      6.3860534711279867e-05
10                                    -2.2147393160426431e-06
11                                     1.2141990374972358e-06
12                                     4.2217123897491536e-05
13                                     9.0182292281959958e-05
14                                     2.5958343623068098e-07
15                                     7.8205255859644032e-07
16                                     2.5073743025837955e-05
17                                     4.6320608618452700e-03
18                                     6.8023030992125455e-04
19                                     7.2453938530475420e-04
20                                     8.5101103629012839e-05
21                                     5.0588541311118601e-05
22                                     1.9083137816832738e-05
23                                     2.9189795701884246e-05
24                                     6.0583594410841464e-07
25                                     9.3348662663286587e-07
26                                     1.3393166415706837e-07
27                                     9.9419641334448346e-08
28                                     3.4079810119983342e-07
29                                     4.5571726757160243e-06
30                                     1.0760422119182393e-08
31                                     5.9592763241509161e-08
32                                     8.8938981061902375e-07
33                                     2.4205994966315110e-06
34                                     4.6692863096242571e-06
35                                     1.1740507651933009e-06
36                                     3.8065954928851754e-08
37                                     1.3636116281927818e-07
38                                     8.3168331942336823e-08
39                                     8.3895565797270327e-09
40                                     6.7415384645486621e-10
41                                     4.6283891586469269e-10
42                                     3.5225139079506326e-09
43                                     5.1966086172517048e-09
44                                     3.8620488999036751e-11
45                                     2.9307478965083749e-09
46                                     1.6467412380854693e-11
47                                     5.5367935115457818e-10
48                                     7.9089150770933289e-12
49                                     5.6138257932628535e-09
50                                     1.2841679696493563e-11
51                                     2.9737121808107092e-09
52                                     1.3733040424400771e-10
53                                     2.1910276043613303e-07
54                                     2.3814494945612956e-07
55                                     4.8853267174042311e-06
56                                     4.0601990943890634e-07
57                                     1.1473720996232732e-05
58                                     5.0671700203870623e-07
59                                     1.0828035363730177e-05
60                                     1.0399371631478820e-07
61                                     4.8774257709432514e-07
62                                     3.4023941252083460e-06
63                                     6.1408429317072559e-07
64                                     4.3294921679859292e-08
65                                     8.6167339039291018e-08
66                                     2.0950608413874076e-08
67                                     3.2798929892136063e-07
68                                     1.3388455894876973e-08
69                                     3.2600773458580886e-07
70                                     3.9477262441709478e-08
71                                     1.8240052539094884e-06
72                                    -6.1838539370624383e-07
73                                     3.0036340744448787e-04
74                                     9.4859205738247730e-04
75                                     1.7561722412038107e-03
76                                     2.7543987472947661e-04
77                                     8.2224506603158401e-02
78                                     1.1037063647196669e-02
79                                     3.0492796361322044e-04
80                                     1.1735312736539858e-04
81                                     4.2376071738763543e-04
82                                     1.7458122788167107e-04
83                                     5.6131816924648748e-01
84                                     3.4107862053651372e-01
   &Method [&Type "String"] "CASSCF"
   &Level [&Type "String"] "Relaxed density"
   &Mult [&Type "Integer"] 1
   &State [&Type "Integer"] 0
   &Irrep [&Type "Integer"] 0
$End
$Single_Point_Data
   &GeometryIndex 1
   &FinalEnergy [&Type "Double"]      -1.8597019939332320e+03  "Final single point energy"
   &Converged [&Type "Boolean"] true
$End
$Calculation_Info
   &GeometryIndex 1
   &Mult [&Type "Integer"] 1
   &Charge [&Type "Integer"] 0
   &NumOfAtoms [&Type "Integer"] 85
   &NumOfElectrons [&Type "Integer"] 310
   &NumOfBasisFuncts [&Type "Integer"] 253
   &NumOfAuxCBasisFuncts [&Type "Integer"] 0
   &NumOfAuxJBasisFuncts [&Type "Integer"] 0
   &NumOfAuxJKBasisFuncts [&Type "Integer"] 0
   &NumOfCABSBasisFuncts [&Type "Integer"] 0
$End
$CASSCF_Dipole_Moment
   &GeometryIndex 1
   &dipoleMagnitude [&Type "Double", &Units "a.u."]       4.9294974636231350e+00
   &dipoleElecContrib [&Type "ArrayOfDoubles", &Dim (3,1)] "Electronic contribution"
                                                         0

0                                      2.2134432635766377e+01
1                                     -5.2137238954392719e+00
2                                     -3.6518303310738133e+01
   &dipoleNucContrib [&Type "ArrayOfDoubles", &Dim (3,1)] "Nuclear contribution"
                                                         0

0                                     -2.3276117246178671e+01
1                                      3.5641714804902591e+00
2                                      4.1021133345788371e+01
   &dipoleTotal [&Type "ArrayOfDoubles", &Dim (3,1)] "Total"
                                                         0

0                                     -1.1416846104122946e+00
1                                     -1.6495524149490128e+00
2                                      4.5028300350502377e+00
   &doAtomicDipole [&Type "Boolean"] false
   &Method [&Type "String"] "CASSCF"
   &Level [&Type "String"] "Relaxed density"
   &Mult [&Type "Integer"] 1
   &State [&Type "Integer"] 0
   &Irrep [&Type "Integer"] 0
$End
$Calculation_Timings
   &GeometryIndex 1
   &GTOINT [&Type "Double"]       4.4315359999999995e+00
   &SCF [&Type "Double"]       2.2719670000000001e+00
   &CASSCF [&Type "Double"]       3.2672745400000002e+02
   &PROPINT [&Type "Double"]       5.8590100000003531e-01
   &PROP [&Type "Double"]       5.3508800000003021e-01
   &SUM [&Type "Double"]       3.3455194600000010e+02
$End
