*************************************************
******************* ORCA 6.1.0-f.0 ******************
*************************************************
$Calculation_Status
   &GeometryIndex 1
   &version [&Type "String"] "6.1.0-f.0"
   &progName [&Type "String"] "LeanSCF"
   &Status [&Type "String"] "NORMAL TERMINATION"
$End
$Geometry
   &GeometryIndex 1
   &NAtoms [&Type "Integer"] 85
   &NCorelessECP [&Type "Integer"] 0
   &NGhostAtoms [&Type "Integer"] 0
   &CartesianCoordinates [&Type "Coordinates", &Dim(85,4), &Units "Bohr"] 
              N     83.771559516729   43.161344898761  100.930272812734
              H     83.091258108517   42.329865399836  102.517642765228
              C     81.995216950843   44.427461408489   99.267313814883
              H     81.579477201380   42.915680501352   97.925608259799
              C     79.708648328798   45.372324475449  100.722402938003
              H     80.407846998349   46.732927291873  102.101903015765
              H     78.914963352551   43.728262738938  101.686163266303
              C     77.440976968093   46.506160155802   99.324005598901
              H     78.083483853626   48.301399983027   98.568115145332
              C     76.590600207828   44.824303896612   97.131923283552
              H     78.140175637644   44.786509373934   95.771320467129
              H     76.137065935687   42.896783240012   97.717738385068
              H     74.889846687299   45.693577918216   96.338238307305
              C     75.324483698101   47.054180734639  101.175937210144
              H     74.852052164621   45.296735430092  102.139697538444
              H     75.910298799617   48.282502721688  102.725512639959
              H     73.548141132215   47.828968449547  100.457841279254
              C     83.053463585839   46.600646462498   97.698841123729
              O     82.864490972447   46.619543723837   95.374477979006
              N     84.243991050209   48.471475335080   98.889368588099
              H     84.073915698156   48.452578073741  100.797991983360
              C     85.169956855831   50.644660389090   97.509868510337
              H     83.412511551284   51.419448103997   96.772875318107
              C     85.906950048060   52.704461875064   99.361800121579
              H     84.527449970298   52.647770091046  100.892478290056
              C     88.514772112871   52.288722125601  100.533430324611
              H     88.306902238140   50.455687775697  101.421601607554
              H     90.045450281348   52.232030341583   99.153930246848
              H     88.854922816977   53.932783862113  101.723957788981
              C     85.226648639848   55.312283939875   98.303553486584
              H     86.530559672254   55.860304518712   96.791772579447
              H     83.261333460570   55.368975723893   97.717738385068
              H     85.415621253241   56.767373062994   99.739745348364
              C     87.002991205734   50.134434332931   95.336683456327
              O     86.984093944395   51.665112501407   93.579238151780
              N     88.476977590193   48.093530108296   95.431169763023
              H     88.571463896889   47.073077995978   97.056334238195
              C     90.196628372061   47.243153348031   93.484751845084
              H     91.368258575093   48.849420561864   92.898936743569
              C     91.916279153930   45.183351862057   94.561895741419
              H     90.782443473577   43.898338090991   95.695731421772
              H     93.257984709014   46.166009451696   95.771320467129
              C     93.276881970353   43.539290125546   92.672169607498
              C     95.506758808380   44.408564147149   91.576128449824
              H     96.300443784627   46.203803974375   92.161943551339
              C     96.735080795429   42.991269546708   89.705299577242
              H     98.549217883993   43.614879170902   89.006100907691
              C     95.752423205790   40.648009140646   88.949409123673
              H     96.640594488733   39.457481676276   87.551011784572
              C     93.503649106424   39.797632380382   90.026553020008
              H     92.747758652855   38.021289814496   89.402943395814
              C     92.275327119375   41.214926980822   91.916279153930
              H     90.536779076167   40.440139265915   92.672169607498
              C     88.760436510281   46.543954678480   91.103696916344
              O     89.629710531885   47.129769779996   89.043895430369
              N     86.738429546985   45.051071032683   91.349361313753
              H     86.284895274844   44.616434021881   93.144601140978
              C     85.207751378509   43.898338090991   89.384046134475
              H     86.549456933593   43.161344898761   88.004546056713
              C     83.620381426015   41.725153036981   90.461190030810
              H     82.165292302896   41.196029719483   89.100587214387
              H     82.883388233786   42.632221581263   92.161943551339
              C     85.283340423866   39.514173460293   91.179285961700
              C     86.322689797523   37.964598030478   89.308457089118
              H     86.417176104219   38.531515870654   87.362039171179
              C     87.532114523232   35.659132147094   89.799785883938
              H     88.250210454122   34.487501944063   88.288004976801
              C     87.853367965999   34.997728000222   92.332018903392
              H     88.987203646352   33.391460786389   92.880039482230
              C     86.681737762968   36.471714384680   94.202847775974
              H     86.454970626897   35.734721192451   96.092573909896
              C     85.302237685205   38.663796700029   93.673724458476
              H     84.281785572888   39.570865244311   95.204402626953
              C     83.620381426015   46.033728622322   88.288004976801
              O     83.639278687355   46.714030030533   86.077025400113
              N     82.221984086914   47.413228700084   89.875374929295
              H     82.033011473522   46.770721814551   91.670614756520
              C     80.464538782367   49.321852095345   89.006100907691
              H     79.160627749961   48.395886289723   87.702189875285
              C     79.274011317997   50.380098730341   91.406053097771
              H     77.781127672199   51.665112501407   90.801340734916
              H     78.612607171124   48.736036993829   92.445402471428
              H     80.540127827724   51.287167274623   92.766655914194
              C     81.768449814773   51.627317978729   87.872265227338
              O     80.842484009151   52.572181045689   85.963641832078
$End
$SCF_Mulliken_Population_Analysis
   &GeometryIndex 1
   &NAtoms [&Type "Integer"] 85
   &ATNO [&Type "ArrayOfIntegers", &Dim (85,1)] 
                                                         0

0                                                        7
1                                                        1
2                                                        6
3                                                        1
4                                                        6
5                                                        1
6                                                        1
7                                                        6
8                                                        1
9                                                        6
10                                                       1
11                                                       1
12                                                       1
13                                                       6
14                                                       1
15                                                       1
16                                                       1
17                                                       6
18                                                       8
19                                                       7
20                                                       1
21                                                       6
22                                                       1
23                                                       6
24                                                       1
25                                                       6
26                                                       1
27                                                       1
28                                                       1
29                                                       6
30                                                       1
31                                                       1
32                                                       1
33                                                       6
34                                                       8
35                                                       7
36                                                       1
37                                                       6
38                                                       1
39                                                       6
40                                                       1
41                                                       1
42                                                       6
43                                                       6
44                                                       1
45                                                       6
46                                                       1
47                                                       6
48                                                       1
49                                                       6
50                                                       1
51                                                       6
52                                                       1
53                                                       6
54                                                       8
55                                                       7
56                                                       1
57                                                       6
58                                                       1
59                                                       6
60                                                       1
61                                                       1
62                                                       6
63                                                       6
64                                                       1
65                                                       6
66                                                       1
67                                                       6
68                                                       1
69                                                       6
70                                                       1
71                                                       6
72                                                       1
73                                                       6
74                                                       8
75                                                       7
76                                                       1
77                                                       6
78                                                       1
79                                                       6
80                                                       1
81                                                       1
82                                                       1
83                                                       6
84                                                       8
   &AtomicCharges [&Type "ArrayOfDoubles", &Dim (85,1)] 
                                                         0

0                                     -3.0532475768948242e-01
1                                      8.6040243142768480e-02
2                                      9.1692938205675922e-02
3                                      5.8727869742871697e-03
4                                      1.5008840010744429e-02
5                                     -2.1569680686763348e-02
6                                     -1.0035947575904869e-02
7                                     -9.6181870553712301e-02
8                                     -1.6320327715230842e-02
9                                      4.4742657634875727e-02
10                                     2.2378437707108123e-02
11                                     1.6084989962741325e-03
12                                     6.1626540643523464e-03
13                                     6.2312256165101054e-02
14                                    -1.0565381647699379e-02
15                                    -7.1553880984502882e-03
16                                     9.0948494592204554e-03
17                                     9.3665933185465455e-02
18                                    -3.1552301042105491e-01
19                                    -1.1710412566901240e-01
20                                     1.2161924538491253e-01
21                                     1.4245282079413890e-01
22                                    -4.2059982705375809e-03
23                                    -1.5910948461703267e-01
24                                    -1.7870671093040968e-02
25                                     8.9755667446054233e-02
26                                    -7.5164486279577503e-04
27                                     2.3263536049398126e-02
28                                     1.6472023936831892e-02
29                                     6.6329551954560806e-02
30                                     3.2631675328544940e-02
31                                     5.5089884206549478e-04
32                                    -4.3535671646599550e-03
33                                     1.0322410857561337e-01
34                                    -2.6067161339589617e-01
35                                    -1.3331655728339786e-01
36                                     1.2590173703693130e-01
37                                     1.1526449957255380e-01
38                                     1.4208963276316489e-02
39                                     1.3387206783329564e-01
40                                    -9.3138385114135414e-03
41                                     6.3036811581936858e-03
42                                    -1.0356678789072760e-02
43                                     8.6143327550161075e-03
44                                    -3.4961581183197366e-02
45                                     3.7655750115543896e-02
46                                    -2.3504534558808521e-02
47                                     2.8445598336602984e-02
48                                    -2.7105694236517763e-02
49                                     1.6483643350403199e-02
50                                    -3.5957313656254097e-02
51                                    -2.0545019460085356e-03
52                                    -2.6493771249071374e-02
53                                     6.8435549947356122e-02
54                                    -2.4431759698093636e-01
55                                    -1.4918286235653877e-01
56                                     1.1281502809027466e-01
57                                     9.9616711467037433e-02
58                                     1.5531658521406255e-02
59                                     1.3636454607375903e-01
60                                     2.6565080399807428e-02
61                                    -1.0683020470961369e-02
62                                     7.8937213464262967e-03
63                                    -2.0617684889666421e-02
64                                    -1.8662191271991091e-02
65                                     3.2835668755226699e-02
66                                    -1.5391334741956531e-02
67                                     2.0885717864380204e-02
68                                    -1.5381531059958320e-02
69                                     2.2226145275674014e-02
70                                    -1.5497291769974941e-02
71                                    -2.9522733399738321e-02
72                                    -2.6599036018379429e-02
73                                     8.7886167255342151e-02
74                                    -2.4342068503024805e-01
75                                    -1.4457177116263331e-01
76                                     1.4342905616137980e-01
77                                     5.8666221277356989e-02
78                                     5.0155453496023239e-02
79                                     8.2020537598506138e-03
80                                     3.1288212552056160e-02
81                                     2.8967268161957604e-02
82                                     5.6089304725627676e-02
83                                     1.5810004262623067e-01
84                                    -1.0392782502201214e-01
   &Method [&Type "String"] "SCF"
   &Level [&Type "String"] "Relaxed density"
   &Mult [&Type "Integer"] 1
   &State [&Type "Integer"] -1
   &Irrep [&Type "Integer"] 0
$End
$SCF_Loewdin_Population_Analysis
   &GeometryIndex 1
   &NAtoms [&Type "Integer"] 85
   &ATNO [&Type "ArrayOfIntegers", &Dim (85,1)] 
                                                         0

0                                                        7
1                                                        1
2                                                        6
3                                                        1
4                                                        6
5                                                        1
6                                                        1
7                                                        6
8                                                        1
9                                                        6
10                                                       1
11                                                       1
12                                                       1
13                                                       6
14                                                       1
15                                                       1
16                                                       1
17                                                       6
18                                                       8
19                                                       7
20                                                       1
21                                                       6
22                                                       1
23                                                       6
24                                                       1
25                                                       6
26                                                       1
27                                                       1
28                                                       1
29                                                       6
30                                                       1
31                                                       1
32                                                       1
33                                                       6
34                                                       8
35                                                       7
36                                                       1
37                                                       6
38                                                       1
39                                                       6
40                                                       1
41                                                       1
42                                                       6
43                                                       6
44                                                       1
45                                                       6
46                                                       1
47                                                       6
48                                                       1
49                                                       6
50                                                       1
51                                                       6
52                                                       1
53                                                       6
54                                                       8
55                                                       7
56                                                       1
57                                                       6
58                                                       1
59                                                       6
60                                                       1
61                                                       1
62                                                       6
63                                                       6
64                                                       1
65                                                       6
66                                                       1
67                                                       6
68                                                       1
69                                                       6
70                                                       1
71                                                       6
72                                                       1
73                                                       6
74                                                       8
75                                                       7
76                                                       1
77                                                       6
78                                                       1
79                                                       6
80                                                       1
81                                                       1
82                                                       1
83                                                       6
84                                                       8
   &AtomicCharges [&Type "ArrayOfDoubles", &Dim (85,1)] 
                                                         0

0                                     -2.1806109212416835e-01
1                                      2.8516884495122907e-02
2                                     -3.0605791191343101e-02
3                                      3.5692173555205375e-02
4                                     -3.0852712224116452e-02
5                                      9.9932763165160310e-03
6                                      1.8547419784218366e-02
7                                     -4.0353744259510549e-02
8                                      1.1373954965703925e-02
9                                     -4.8364969403365876e-02
10                                     1.6160825719813920e-02
11                                     2.0122234219217883e-02
12                                     2.2869854924585598e-02
13                                    -4.8590259976708516e-02
14                                     1.8945821710709354e-02
15                                     1.9671245285821315e-02
16                                     2.2208227652258716e-02
17                                     7.5431765931798900e-02
18                                    -2.4617422295531810e-01
19                                     2.1265757460614765e-02
20                                     7.3991716705961719e-02
21                                     1.2849588515790877e-02
22                                     3.4219656115076269e-02
23                                    -3.3505504548188014e-02
24                                     1.8473941758144097e-02
25                                    -4.3617894032824012e-02
26                                     1.9528880441223251e-02
27                                     2.4588102562928094e-02
28                                     2.8706244345537590e-02
29                                    -4.0794783723097972e-02
30                                     2.8909952716475229e-02
31                                     2.1353575496009136e-02
32                                     1.8475585562241159e-02
33                                     6.2361947333561041e-02
34                                    -2.2170866588123417e-01
35                                     5.1745086600183399e-03
36                                     7.4602325526717528e-02
37                                     2.2546524509015953e-02
38                                     3.7371479651779116e-02
39                                    -1.4769788767100778e-02
40                                     2.3156409660125221e-02
41                                     3.1019866089484482e-02
42                                    -2.5345120299575363e-02
43                                    -1.6758275308912829e-02
44                                     2.2373449901879505e-02
45                                    -1.4752474130706794e-02
46                                     2.3489328131674037e-02
47                                    -2.4131059861999482e-02
48                                     2.2954949592147944e-02
49                                    -1.7423127702156371e-02
50                                     1.9046626447329684e-02
51                                    -2.2689565729504757e-02
52                                     2.4929117827510616e-02
53                                     5.0500099399589438e-02
54                                    -2.0839036129618549e-01
55                                     7.9449958907433782e-03
56                                     5.6053293153542461e-02
57                                     3.2367349636063913e-02
58                                     3.6134492248081407e-02
59                                    -1.1945874905253895e-02
60                                     3.9471216459503133e-02
61                                     1.9306700345143035e-02
62                                    -2.8706577152510349e-02
63                                    -1.8038606158311765e-02
64                                     2.4408225292861019e-02
65                                    -1.6181662646657102e-02
66                                     2.7658157513829829e-02
67                                    -2.2293349094981707e-02
68                                     2.5464987682345286e-02
69                                    -2.1605577243948737e-02
70                                     2.5556230659818824e-02
71                                    -3.0645169951356799e-02
72                                     2.6894057070271704e-02
73                                     5.5517819672577851e-02
74                                    -2.0779554613121576e-01
75                                     9.1648724230992684e-03
76                                     6.2405165324859180e-02
77                                     2.8720910535843025e-02
78                                     4.1865288536656053e-02
79                                    -3.8249600640877013e-02
80                                     3.1774649055331450e-02
81                                     3.2252546320306830e-02
82                                     3.9067710832074387e-02
83                                     1.1477713406871093e-01
84                                    -1.5877744352341239e-02
   &Method [&Type "String"] "SCF"
   &Level [&Type "String"] "Relaxed density"
   &Mult [&Type "Integer"] 1
   &State [&Type "Integer"] -1
   &Irrep [&Type "Integer"] 0
$End
$SCF_Mayer_Population_Analysis
   &GeometryIndex 1
   &NAtoms [&Type "Integer"] 85 "Total number of atoms"
   &NBondOrdersPrint [&Type "Integer"] 88 "The number of bond orders larger than threshold"
   &bondThresh [&Type "Double"]       1.0000000000000001e-01  "The threshold for printing"
   &components [&Type "ArrayOfIntegers", &Dim (88,4)] "The indices and atomic numbers of the bonding atoms"
                                                         0                           1                           2                           3

0                                                        0                           7                           1                           1
1                                                        0                           7                           2                           6
2                                                        0                           7                          83                           6
3                                                        0                           7                          84                           8
4                                                        2                           6                           3                           1
5                                                        2                           6                           4                           6
6                                                        2                           6                          17                           6
7                                                        4                           6                           5                           1
8                                                        4                           6                           6                           1
9                                                        4                           6                           7                           6
10                                                       7                           6                           8                           1
11                                                       7                           6                           9                           6
12                                                       7                           6                          13                           6
13                                                       9                           6                          10                           1
14                                                       9                           6                          11                           1
15                                                       9                           6                          12                           1
16                                                      13                           6                          14                           1
17                                                      13                           6                          15                           1
18                                                      13                           6                          16                           1
19                                                      17                           6                          18                           8
20                                                      17                           6                          19                           7
21                                                      19                           7                          20                           1
22                                                      19                           7                          21                           6
23                                                      21                           6                          22                           1
24                                                      21                           6                          23                           6
25                                                      21                           6                          33                           6
26                                                      23                           6                          24                           1
27                                                      23                           6                          25                           6
28                                                      23                           6                          29                           6
29                                                      25                           6                          26                           1
30                                                      25                           6                          27                           1
31                                                      25                           6                          28                           1
32                                                      29                           6                          30                           1
33                                                      29                           6                          31                           1
34                                                      29                           6                          32                           1
35                                                      33                           6                          34                           8
36                                                      33                           6                          35                           7
37                                                      35                           7                          36                           1
38                                                      35                           7                          37                           6
39                                                      37                           6                          38                           1
40                                                      37                           6                          39                           6
41                                                      37                           6                          53                           6
42                                                      39                           6                          40                           1
43                                                      39                           6                          41                           1
44                                                      39                           6                          42                           6
45                                                      42                           6                          43                           6
46                                                      42                           6                          51                           6
47                                                      43                           6                          44                           1
48                                                      43                           6                          45                           6
49                                                      45                           6                          46                           1
50                                                      45                           6                          47                           6
51                                                      47                           6                          48                           1
52                                                      47                           6                          49                           6
53                                                      49                           6                          50                           1
54                                                      49                           6                          51                           6
55                                                      51                           6                          52                           1
56                                                      53                           6                          54                           8
57                                                      53                           6                          55                           7
58                                                      55                           7                          56                           1
59                                                      55                           7                          57                           6
60                                                      57                           6                          58                           1
61                                                      57                           6                          59                           6
62                                                      57                           6                          73                           6
63                                                      59                           6                          60                           1
64                                                      59                           6                          61                           1
65                                                      59                           6                          62                           6
66                                                      62                           6                          63                           6
67                                                      62                           6                          71                           6
68                                                      63                           6                          64                           1
69                                                      63                           6                          65                           6
70                                                      65                           6                          66                           1
71                                                      65                           6                          67                           6
72                                                      67                           6                          68                           1
73                                                      67                           6                          69                           6
74                                                      69                           6                          70                           1
75                                                      69                           6                          71                           6
76                                                      71                           6                          72                           1
77                                                      73                           6                          74                           8
78                                                      73                           6                          75                           7
79                                                      75                           7                          76                           1
80                                                      75                           7                          77                           6
81                                                      77                           6                          78                           1
82                                                      77                           6                          79                           6
83                                                      77                           6                          83                           6
84                                                      79                           6                          80                           1
85                                                      79                           6                          81                           1
86                                                      79                           6                          82                           1
87                                                      83                           6                          84                           8
   &BondOrders [&Type "ArrayOfDoubles", &Dim (88,1)] "The bond orders"
                                                         0

0                                      9.4089176511285433e-01
1                                      1.2011138799382106e+00
2                                      4.2084535676453272e-01
3                                      2.3141203083920561e-01
4                                      8.4628168854028729e-01
5                                      1.0176024516034632e+00
6                                      8.9437100380605994e-01
7                                      9.3543402397875419e-01
8                                      9.2342239650421387e-01
9                                      1.0293150600718675e+00
10                                     9.0622040924282077e-01
11                                     1.0855533689273438e+00
12                                     1.0765186360718924e+00
13                                     9.5034347028690780e-01
14                                     9.6142180202190586e-01
15                                     9.6049782128066818e-01
16                                     9.5954094506470233e-01
17                                     9.6120630483447811e-01
18                                     9.6322733578013875e-01
19                                     1.8263172667297032e+00
20                                     1.3073607938350245e+00
21                                     9.0295331044785099e-01
22                                     9.3955515934461109e-01
23                                     9.0409972124086069e-01
24                                     1.0466955119015600e+00
25                                     8.9949279989995934e-01
26                                     9.1324508049646858e-01
27                                     1.0596661948833981e+00
28                                     1.0973992153377703e+00
29                                     9.5888670829650735e-01
30                                     9.5890493602578109e-01
31                                     9.6068822663440823e-01
32                                     9.6448981655070198e-01
33                                     9.5428250745818333e-01
34                                     9.5599194084458083e-01
35                                     2.0448436731203818e+00
36                                     1.2358494449594859e+00
37                                     9.0213078353641429e-01
38                                     9.6445791759651645e-01
39                                     8.8362798872378090e-01
40                                     1.0520069290371192e+00
41                                     9.3260033595788228e-01
42                                     8.9763627625019271e-01
43                                     9.1620706760724291e-01
44                                     1.0603739541913946e+00
45                                     1.3856569194735586e+00
46                                     1.3712223247881088e+00
47                                     9.8601003692115119e-01
48                                     1.3936668654381736e+00
49                                     9.8294537264997628e-01
50                                     1.3634193129749046e+00
51                                     9.8534123135327034e-01
52                                     1.4119198213231026e+00
53                                     9.8054763318014293e-01
54                                     1.3823584227054979e+00
55                                     9.9025080617620209e-01
56                                     2.0769022403609227e+00
57                                     1.2305977606759626e+00
58                                     9.0097732044170187e-01
59                                     9.6898018906593220e-01
60                                     8.9644104662280388e-01
61                                     1.0205436745169443e+00
62                                     9.2886135776593592e-01
63                                     9.3099717584803987e-01
64                                     9.0251034371610328e-01
65                                     1.0441096324988342e+00
66                                     1.3726790452332811e+00
67                                     1.3664998665330153e+00
68                                     9.8529766789131523e-01
69                                     1.4020455849719791e+00
70                                     9.8448314917365920e-01
71                                     1.3738743588500590e+00
72                                     9.8757456487943873e-01
73                                     1.3868057607311919e+00
74                                     9.7446372297258144e-01
75                                     1.4056160659113432e+00
76                                     9.8986843507146549e-01
77                                     2.0552850907910933e+00
78                                     1.2225566559960042e+00
79                                     8.8307385672528338e-01
80                                     1.0076001152511282e+00
81                                     9.1707943013534221e-01
82                                     1.0421089446399185e+00
83                                     8.5179749016796524e-01
84                                     9.5592472779894511e-01
85                                     9.4661641140308206e-01
86                                     9.5761550029295728e-01
87                                     2.1295699754172364e+00
   &ATNO [&Type "ArrayOfIntegers", &Dim (85,1)] "Atomic number of the elements"
                                                         0

0                                                        7
1                                                        1
2                                                        6
3                                                        1
4                                                        6
5                                                        1
6                                                        1
7                                                        6
8                                                        1
9                                                        6
10                                                       1
11                                                       1
12                                                       1
13                                                       6
14                                                       1
15                                                       1
16                                                       1
17                                                       6
18                                                       8
19                                                       7
20                                                       1
21                                                       6
22                                                       1
23                                                       6
24                                                       1
25                                                       6
26                                                       1
27                                                       1
28                                                       1
29                                                       6
30                                                       1
31                                                       1
32                                                       1
33                                                       6
34                                                       8
35                                                       7
36                                                       1
37                                                       6
38                                                       1
39                                                       6
40                                                       1
41                                                       1
42                                                       6
43                                                       6
44                                                       1
45                                                       6
46                                                       1
47                                                       6
48                                                       1
49                                                       6
50                                                       1
51                                                       6
52                                                       1
53                                                       6
54                                                       8
55                                                       7
56                                                       1
57                                                       6
58                                                       1
59                                                       6
60                                                       1
61                                                       1
62                                                       6
63                                                       6
64                                                       1
65                                                       6
66                                                       1
67                                                       6
68                                                       1
69                                                       6
70                                                       1
71                                                       6
72                                                       1
73                                                       6
74                                                       8
75                                                       7
76                                                       1
77                                                       6
78                                                       1
79                                                       6
80                                                       1
81                                                       1
82                                                       1
83                                                       6
84                                                       8
   &NA [&Type "ArrayOfDoubles", &Dim (85,1)] "Mulliken gross atomic population"
                                                         0

0                                      7.3053247576894860e+00
1                                      9.1395975685723219e-01
2                                      5.9083070617943250e+00
3                                      9.9412721302571450e-01
4                                      5.9849911599892458e+00
5                                      1.0215696806867636e+00
6                                      1.0100359475759044e+00
7                                      6.0961818705537034e+00
8                                      1.0163203277152311e+00
9                                      5.9552573423651198e+00
10                                     9.7762156229289066e-01
11                                     9.9839150100372642e-01
12                                     9.9383734593564788e-01
13                                     5.9376877438348989e+00
14                                     1.0105653816476994e+00
15                                     1.0071553880984503e+00
16                                     9.9090515054077966e-01
17                                     5.9063340668145337e+00
18                                     8.3155230104210460e+00
19                                     7.1171041256690151e+00
20                                     8.7838075461508847e-01
21                                     5.8575471792058504e+00
22                                     1.0042059982705385e+00
23                                     6.1591094846170336e+00
24                                     1.0178706710930407e+00
25                                     5.9102443325539467e+00
26                                     1.0007516448627958e+00
27                                     9.7673646395060254e-01
28                                     9.8352797606316800e-01
29                                     5.9336704480454410e+00
30                                     9.6736832467145450e-01
31                                     9.9944910115793539e-01
32                                     1.0043535671646600e+00
33                                     5.8967758914243884e+00
34                                     8.2606716133958926e+00
35                                     7.1333165572833988e+00
36                                     8.7409826296306814e-01
37                                     5.8847355004274542e+00
38                                     9.8579103672368340e-01
39                                     5.8661279321667088e+00
40                                     1.0093138385114133e+00
41                                     9.9369631884180643e-01
42                                     6.0103566787890710e+00
43                                     5.9913856672449812e+00
44                                     1.0349615811831971e+00
45                                     5.9623442498844561e+00
46                                     1.0235045345588081e+00
47                                     5.9715544016633908e+00
48                                     1.0271056942365189e+00
49                                     5.9835163566495977e+00
50                                     1.0359573136562554e+00
51                                     6.0020545019460085e+00
52                                     1.0264937712490714e+00
53                                     5.9315644500526492e+00
54                                     8.2443175969809381e+00
55                                     7.1491828623565343e+00
56                                     8.8718497190972612e-01
57                                     5.9003832885329608e+00
58                                     9.8446834147859352e-01
59                                     5.8636354539262445e+00
60                                     9.7343491960019257e-01
61                                     1.0106830204709623e+00
62                                     5.9921062786535764e+00
63                                     6.0206176848896664e+00
64                                     1.0186621912719909e+00
65                                     5.9671643312447822e+00
66                                     1.0153913347419568e+00
67                                     5.9791142821356225e+00
68                                     1.0153815310599585e+00
69                                     5.9777738547243198e+00
70                                     1.0154972917699749e+00
71                                     6.0295227333997357e+00
72                                     1.0265990360183792e+00
73                                     5.9121138327446534e+00
74                                     8.2434206850302552e+00
75                                     7.1445717711626413e+00
76                                     8.5657094383862009e-01
77                                     5.9413337787226492e+00
78                                     9.4984454650397709e-01
79                                     5.9917979462401441e+00
80                                     9.6871178744794384e-01
81                                     9.7103273183804240e-01
82                                     9.4391069527437199e-01
83                                     5.8418999573737711e+00
84                                     8.1039278250220086e+00
   &ZA [&Type "ArrayOfDoubles", &Dim (85,1)] "Total nuclear charge"
                                                         0

0                                      7.0000000000000000e+00
1                                      1.0000000000000000e+00
2                                      6.0000000000000000e+00
3                                      1.0000000000000000e+00
4                                      6.0000000000000000e+00
5                                      1.0000000000000000e+00
6                                      1.0000000000000000e+00
7                                      6.0000000000000000e+00
8                                      1.0000000000000000e+00
9                                      6.0000000000000000e+00
10                                     1.0000000000000000e+00
11                                     1.0000000000000000e+00
12                                     1.0000000000000000e+00
13                                     6.0000000000000000e+00
14                                     1.0000000000000000e+00
15                                     1.0000000000000000e+00
16                                     1.0000000000000000e+00
17                                     6.0000000000000000e+00
18                                     8.0000000000000000e+00
19                                     7.0000000000000000e+00
20                                     1.0000000000000000e+00
21                                     6.0000000000000000e+00
22                                     1.0000000000000000e+00
23                                     6.0000000000000000e+00
24                                     1.0000000000000000e+00
25                                     6.0000000000000000e+00
26                                     1.0000000000000000e+00
27                                     1.0000000000000000e+00
28                                     1.0000000000000000e+00
29                                     6.0000000000000000e+00
30                                     1.0000000000000000e+00
31                                     1.0000000000000000e+00
32                                     1.0000000000000000e+00
33                                     6.0000000000000000e+00
34                                     8.0000000000000000e+00
35                                     7.0000000000000000e+00
36                                     1.0000000000000000e+00
37                                     6.0000000000000000e+00
38                                     1.0000000000000000e+00
39                                     6.0000000000000000e+00
40                                     1.0000000000000000e+00
41                                     1.0000000000000000e+00
42                                     6.0000000000000000e+00
43                                     6.0000000000000000e+00
44                                     1.0000000000000000e+00
45                                     6.0000000000000000e+00
46                                     1.0000000000000000e+00
47                                     6.0000000000000000e+00
48                                     1.0000000000000000e+00
49                                     6.0000000000000000e+00
50                                     1.0000000000000000e+00
51                                     6.0000000000000000e+00
52                                     1.0000000000000000e+00
53                                     6.0000000000000000e+00
54                                     8.0000000000000000e+00
55                                     7.0000000000000000e+00
56                                     1.0000000000000000e+00
57                                     6.0000000000000000e+00
58                                     1.0000000000000000e+00
59                                     6.0000000000000000e+00
60                                     1.0000000000000000e+00
61                                     1.0000000000000000e+00
62                                     6.0000000000000000e+00
63                                     6.0000000000000000e+00
64                                     1.0000000000000000e+00
65                                     6.0000000000000000e+00
66                                     1.0000000000000000e+00
67                                     6.0000000000000000e+00
68                                     1.0000000000000000e+00
69                                     6.0000000000000000e+00
70                                     1.0000000000000000e+00
71                                     6.0000000000000000e+00
72                                     1.0000000000000000e+00
73                                     6.0000000000000000e+00
74                                     8.0000000000000000e+00
75                                     7.0000000000000000e+00
76                                     1.0000000000000000e+00
77                                     6.0000000000000000e+00
78                                     1.0000000000000000e+00
79                                     6.0000000000000000e+00
80                                     1.0000000000000000e+00
81                                     1.0000000000000000e+00
82                                     1.0000000000000000e+00
83                                     6.0000000000000000e+00
84                                     8.0000000000000000e+00
   &QA [&Type "ArrayOfDoubles", &Dim (85,1)] "Mulliken gross atomic charge"
                                                         0

0                                     -3.0532475768948597e-01
1                                      8.6040243142767814e-02
2                                      9.1692938205675034e-02
3                                      5.8727869742855043e-03
4                                      1.5008840010754199e-02
5                                     -2.1569680686763570e-02
6                                     -1.0035947575904425e-02
7                                     -9.6181870553703419e-02
8                                     -1.6320327715231064e-02
9                                      4.4742657634880167e-02
10                                     2.2378437707109344e-02
11                                     1.6084989962735774e-03
12                                     6.1626540643521244e-03
13                                     6.2312256165101054e-02
14                                    -1.0565381647699379e-02
15                                    -7.1553880984502882e-03
16                                     9.0948494592203444e-03
17                                     9.3665933185466344e-02
18                                    -3.1552301042104602e-01
19                                    -1.1710412566901507e-01
20                                     1.2161924538491153e-01
21                                     1.4245282079414956e-01
22                                    -4.2059982705384691e-03
23                                    -1.5910948461703356e-01
24                                    -1.7870671093040746e-02
25                                     8.9755667446053344e-02
26                                    -7.5164486279577503e-04
27                                     2.3263536049397460e-02
28                                     1.6472023936832003e-02
29                                     6.6329551954559030e-02
30                                     3.2631675328545495e-02
31                                     5.5089884206460660e-04
32                                    -4.3535671646599550e-03
33                                     1.0322410857561160e-01
34                                    -2.6067161339589262e-01
35                                    -1.3331655728339875e-01
36                                     1.2590173703693186e-01
37                                     1.1526449957254581e-01
38                                     1.4208963276316600e-02
39                                     1.3387206783329120e-01
40                                    -9.3138385114133193e-03
41                                     6.3036811581935748e-03
42                                    -1.0356678789070983e-02
43                                     8.6143327550187720e-03
44                                    -3.4961581183197143e-02
45                                     3.7655750115543896e-02
46                                    -2.3504534558808077e-02
47                                     2.8445598336609201e-02
48                                    -2.7105694236518874e-02
49                                     1.6483643350402311e-02
50                                    -3.5957313656255430e-02
51                                    -2.0545019460085356e-03
52                                    -2.6493771249071374e-02
53                                     6.8435549947350793e-02
54                                    -2.4431759698093813e-01
55                                    -1.4918286235653433e-01
56                                     1.1281502809027388e-01
57                                     9.9616711467039210e-02
58                                     1.5531658521406477e-02
59                                     1.3636454607375548e-01
60                                     2.6565080399807428e-02
61                                    -1.0683020470962257e-02
62                                     7.8937213464236322e-03
63                                    -2.0617684889666421e-02
64                                    -1.8662191271990869e-02
65                                     3.2835668755217817e-02
66                                    -1.5391334741956753e-02
67                                     2.0885717864377540e-02
68                                    -1.5381531059958542e-02
69                                     2.2226145275680231e-02
70                                    -1.5497291769974941e-02
71                                    -2.9522733399735657e-02
72                                    -2.6599036018379207e-02
73                                     8.7886167255346592e-02
74                                    -2.4342068503025516e-01
75                                    -1.4457177116264130e-01
76                                     1.4342905616137991e-01
77                                     5.8666221277350772e-02
78                                     5.0155453496022906e-02
79                                     8.2020537598559429e-03
80                                     3.1288212552056160e-02
81                                     2.8967268161957604e-02
82                                     5.6089304725628009e-02
83                                     1.5810004262622890e-01
84                                    -1.0392782502200859e-01
   &VA [&Type "ArrayOfDoubles", &Dim (85,1)] "Mayer's total valence"
                                                         0

0                                      2.9689570723724925e+00
1                                      1.0050033331880328e+00
2                                      4.0240983918315045e+00
3                                      1.0030992067669682e+00
4                                      3.9942990627798491e+00
5                                      1.0056019595084595e+00
6                                      1.0021976168444529e+00
7                                      4.1801775206369136e+00
8                                      9.7017424603589708e-01
9                                      3.9693219886261644e+00
10                                     1.0220333370581463e+00
11                                     9.9446850187589431e-01
12                                     9.8988490883822911e-01
13                                     3.9742989876819532e+00
14                                     9.9624280375129015e-01
15                                     9.8802195296390460e-01
16                                     9.8647758147676479e-01
17                                     4.1870899224939944e+00
18                                     2.1974682525307294e+00
19                                     3.2482701646694316e+00
20                                     1.0276232015560485e+00
21                                     3.8628767476323360e+00
22                                     1.0215365092716959e+00
23                                     4.2703372460499676e+00
24                                     9.7097058471613240e-01
25                                     3.9421406670449568e+00
26                                     1.0013355388909528e+00
27                                     1.0026863638134607e+00
28                                     9.9451819527953789e-01
29                                     3.9883250760836106e+00
30                                     1.0110068838264745e+00
31                                     9.9461028202666435e-01
32                                     9.8479066297658435e-01
33                                     4.3341886431124266e+00
34                                     2.2677176130606185e+00
35                                     3.1966577577287882e+00
36                                     1.0168484077078401e+00
37                                     3.8968622040229133e+00
38                                     1.0262153541049301e+00
39                                     3.9449967506821606e+00
40                                     9.9858413922162148e-01
41                                     9.8363111829578276e-01
42                                     3.9449243254262081e+00
43                                     3.8694751698208489e+00
44                                     9.8460389652740177e-01
45                                     3.8384077972731458e+00
46                                     9.7767013893205190e-01
47                                     3.8341878870490151e+00
48                                     9.7655920009744357e-01
49                                     3.8889252482500583e+00
50                                     9.8866598259132377e-01
51                                     3.8574792680422538e+00
52                                     9.9732924898069608e-01
53                                     4.3580560652933675e+00
54                                     2.2871437858115620e+00
55                                     3.1869950875765705e+00
56                                     1.0412460141591424e+00
57                                     3.8814652713905082e+00
58                                     1.0323904036368485e+00
59                                     3.8856303139061468e+00
60                                     9.8573095889749751e-01
61                                     1.0398154874840466e+00
62                                     3.9077564479298372e+00
63                                     3.8620984885933485e+00
64                                     9.8773700508498719e-01
65                                     3.8606320279817989e+00
66                                     9.7710955323689053e-01
67                                     3.8299923143683907e+00
68                                     9.7915654420377651e-01
69                                     3.8782533823319287e+00
70                                     9.7856370498211298e-01
71                                     3.8829702103974300e+00
72                                     1.0002395654212213e+00
73                                     4.3114455329657275e+00
74                                     2.2740943096102502e+00
75                                     3.2073077182369110e+00
76                                     1.0486350657174264e+00
77                                     3.9942118424282964e+00
78                                     1.0062294804632554e+00
79                                     3.9553951370165832e+00
80                                     9.9219118287783881e-01
81                                     1.0126466348180363e+00
82                                     1.0198347879015903e+00
83                                     3.5954456085608593e+00
84                                     2.4790642703901806e+00
   &BVA [&Type "ArrayOfDoubles", &Dim (85,1)] "Mayer's bonded valence"
                                                         0

0                                      2.9689570723725360e+00
1                                      1.0050033331880293e+00
2                                      4.0240983918314512e+00
3                                      1.0030992067669620e+00
4                                      3.9942990627798349e+00
5                                      1.0056019595084689e+00
6                                      1.0021976168444553e+00
7                                      4.1801775206370371e+00
8                                      9.7017424603592073e-01
9                                      3.9693219886261484e+00
10                                     1.0220333370581518e+00
11                                     9.9446850187590552e-01
12                                     9.8988490883822822e-01
13                                     3.9742989876819736e+00
14                                     9.9624280375130203e-01
15                                     9.8802195296391160e-01
16                                     9.8647758147678377e-01
17                                     4.1870899224940494e+00
18                                     2.1974682525306966e+00
19                                     3.2482701646694814e+00
20                                     1.0276232015560469e+00
21                                     3.8628767476322992e+00
22                                     1.0215365092716922e+00
23                                     4.2703372460499773e+00
24                                     9.7097058471612119e-01
25                                     3.9421406670449115e+00
26                                     1.0013355388909486e+00
27                                     1.0026863638134722e+00
28                                     9.9451819527953289e-01
29                                     3.9883250760835964e+00
30                                     1.0110068838264819e+00
31                                     9.9461028202665958e-01
32                                     9.8479066297658724e-01
33                                     4.3341886431122978e+00
34                                     2.2677176130605829e+00
35                                     3.1966577577287518e+00
36                                     1.0168484077078439e+00
37                                     3.8968622040229586e+00
38                                     1.0262153541049497e+00
39                                     3.9449967506821491e+00
40                                     9.9858413922161715e-01
41                                     9.8363111829578231e-01
42                                     3.9449243254261366e+00
43                                     3.8694751698209386e+00
44                                     9.8460389652739555e-01
45                                     3.8384077972731028e+00
46                                     9.7767013893206101e-01
47                                     3.8341878870491408e+00
48                                     9.7655920009747099e-01
49                                     3.8889252482501528e+00
50                                     9.8866598259132710e-01
51                                     3.8574792680422543e+00
52                                     9.9732924898068565e-01
53                                     4.3580560652933311e+00
54                                     2.2871437858115016e+00
55                                     3.1869950875765571e+00
56                                     1.0412460141591402e+00
57                                     3.8814652713904847e+00
58                                     1.0323904036368474e+00
59                                     3.8856303139062383e+00
60                                     9.8573095889751172e-01
61                                     1.0398154874840559e+00
62                                     3.9077564479298319e+00
63                                     3.8620984885933307e+00
64                                     9.8773700508499107e-01
65                                     3.8606320279817274e+00
66                                     9.7710955323687232e-01
67                                     3.8299923143683974e+00
68                                     9.7915654420376586e-01
69                                     3.8782533823319048e+00
70                                     9.7856370498212975e-01
71                                     3.8829702103974015e+00
72                                     1.0002395654212162e+00
73                                     4.3114455329657995e+00
74                                     2.2740943096102360e+00
75                                     3.2073077182369722e+00
76                                     1.0486350657174370e+00
77                                     3.9942118424282516e+00
78                                     1.0062294804632594e+00
79                                     3.9553951370165588e+00
80                                     9.9219118287784458e-01
81                                     1.0126466348180301e+00
82                                     1.0198347879015828e+00
83                                     3.5954456085608935e+00
84                                     2.4790642703900811e+00
   &FA [&Type "ArrayOfDoubles", &Dim (85,1)] "Mayer's free valence"
                                                         0

0                                      0.0000000000000000e+00
1                                      0.0000000000000000e+00
2                                      0.0000000000000000e+00
3                                      0.0000000000000000e+00
4                                      0.0000000000000000e+00
5                                      0.0000000000000000e+00
6                                      0.0000000000000000e+00
7                                      0.0000000000000000e+00
8                                      0.0000000000000000e+00
9                                      0.0000000000000000e+00
10                                     0.0000000000000000e+00
11                                     0.0000000000000000e+00
12                                     0.0000000000000000e+00
13                                     0.0000000000000000e+00
14                                     0.0000000000000000e+00
15                                     0.0000000000000000e+00
16                                     0.0000000000000000e+00
17                                     0.0000000000000000e+00
18                                     0.0000000000000000e+00
19                                     0.0000000000000000e+00
20                                     0.0000000000000000e+00
21                                     0.0000000000000000e+00
22                                     0.0000000000000000e+00
23                                     0.0000000000000000e+00
24                                     0.0000000000000000e+00
25                                     0.0000000000000000e+00
26                                     0.0000000000000000e+00
27                                     0.0000000000000000e+00
28                                     0.0000000000000000e+00
29                                     0.0000000000000000e+00
30                                     0.0000000000000000e+00
31                                     0.0000000000000000e+00
32                                     0.0000000000000000e+00
33                                     0.0000000000000000e+00
34                                     0.0000000000000000e+00
35                                     0.0000000000000000e+00
36                                     0.0000000000000000e+00
37                                     0.0000000000000000e+00
38                                     0.0000000000000000e+00
39                                     0.0000000000000000e+00
40                                     0.0000000000000000e+00
41                                     0.0000000000000000e+00
42                                     0.0000000000000000e+00
43                                     0.0000000000000000e+00
44                                     0.0000000000000000e+00
45                                     0.0000000000000000e+00
46                                     0.0000000000000000e+00
47                                     0.0000000000000000e+00
48                                     0.0000000000000000e+00
49                                     0.0000000000000000e+00
50                                     0.0000000000000000e+00
51                                     0.0000000000000000e+00
52                                     0.0000000000000000e+00
53                                     0.0000000000000000e+00
54                                     0.0000000000000000e+00
55                                     0.0000000000000000e+00
56                                     0.0000000000000000e+00
57                                     0.0000000000000000e+00
58                                     0.0000000000000000e+00
59                                     0.0000000000000000e+00
60                                     0.0000000000000000e+00
61                                     0.0000000000000000e+00
62                                     0.0000000000000000e+00
63                                     0.0000000000000000e+00
64                                     0.0000000000000000e+00
65                                     0.0000000000000000e+00
66                                     0.0000000000000000e+00
67                                     0.0000000000000000e+00
68                                     0.0000000000000000e+00
69                                     0.0000000000000000e+00
70                                     0.0000000000000000e+00
71                                     0.0000000000000000e+00
72                                     0.0000000000000000e+00
73                                     0.0000000000000000e+00
74                                     0.0000000000000000e+00
75                                     0.0000000000000000e+00
76                                     0.0000000000000000e+00
77                                     0.0000000000000000e+00
78                                     0.0000000000000000e+00
79                                     0.0000000000000000e+00
80                                     0.0000000000000000e+00
81                                     0.0000000000000000e+00
82                                     0.0000000000000000e+00
83                                     0.0000000000000000e+00
84                                     0.0000000000000000e+00
   &Method [&Type "String"] "SCF"
   &Level [&Type "String"] "Relaxed density"
   &Mult [&Type "Integer"] 1
   &State [&Type "Integer"] -1
   &Irrep [&Type "Integer"] 0
$End
$SCF_Energy
   &GeometryIndex 1
   &Method [&Type "String"] "SCF"
   &totalEnergy [&Type "ArrayOfDoubles", &Dim (1,1)] "Total energy of each state"
                                                         0

0                                     -1.8924744653193525e+03
   &Mult [&Type "ArrayOfIntegers", &Dim (1,1)] "Multiplicity of each state"
                                                         0

0                                                        1
$End
$DFT_Energy
   &GeometryIndex 1
   &nAlphaEl [&Type "Integer"] 154
   &nBetaEl [&Type "Integer"] 154
   &nTotalEl [&Type "Integer"] 309
   &finalEn [&Type "Double"]      -1.8924744653193525e+03  "No Van der Waals correction"
   &eExchange [&Type "Double"]      -2.0270070094884915e+02
   &eCorr [&Type "Double"]      -1.2357640640775504e+01
   &eXC [&Type "Double"]      -2.1505834158962466e+02
   &eCNL [&Type "Double"]       0.0000000000000000e+00
$End
$SCF_Timings
   &GeometryIndex 1
   &TOTAL [&Type "Double"]       1.2821852760000002e+03
   &PREP [&Type "Double"]       7.5730300000000006e-01
   &FOCK [&Type "Double"]       1.2556760600000009e+03
   &DENS [&Type "Double"]       1.7637809999991987e+00
   &ETOT [&Type "Double"]       4.6259400000018402e-01
   &POP [&Type "Double"]       1.5739499999995132e-01
   &TRAFO [&Type "Double"]       3.9009139999995597e+00
   &DIIS [&Type "Double"]       1.6949236000000031e+01
   &SOSCF [&Type "Double"]       6.9999999894321263e-06
   &NR [&Type "Double"]       1.7604000000005726e-02
   &XC [&Type "Double"]       9.8769739000000158e+01
   &FOCKSTART [&Type "Double"]       1.2090400000014268e-01
   &INT_PREP [&Type "Double"]       1.5999999959603883e-05
   &INT_BF [&Type "Double"]       3.5341210999976909e+01
   &INT_DENS [&Type "Double"]       2.8316036000000008e+01
   &INT_DENSIO [&Type "Double"]       2.8127984781840064e+07
   &INT_FUNC [&Type "Double"]       2.4486050000085910e+00
   &INT_POT [&Type "Double"]       2.2818630000019290e+01
   &INT_POTIO [&Type "Double"]       2.4595500000208403e-01
   &INT_SUM [&Type "Double"]       1.1830000000934149e-03
   &SPLITRIJ [&Type "Double"]       2.5644344699999954e+02
   &COSX [&Type "Double"]       8.9770328299999983e+02
$End
$VdW_Correction
   &GeometryIndex 1
   &vdW [&Type "Double"]      -1.9850613316393248e-01
$End
$Single_Point_Data
   &GeometryIndex 1
   &FinalEnergy [&Type "Double"]      -1.8926729714525163e+03  "Final single point energy"
   &Converged [&Type "Boolean"] true
$End
$Calculation_Info
   &GeometryIndex 1
   &Mult [&Type "Integer"] 1
   &Charge [&Type "Integer"] 0
   &NumOfAtoms [&Type "Integer"] 85
   &NumOfElectrons [&Type "Integer"] 310
   &NumOfBasisFuncts [&Type "Integer"] 803
   &NumOfAuxCBasisFuncts [&Type "Integer"] 0
   &NumOfAuxJBasisFuncts [&Type "Integer"] 2531
   &NumOfAuxJKBasisFuncts [&Type "Integer"] 0
   &NumOfCABSBasisFuncts [&Type "Integer"] 0
$End
$SCF_Dipole_Moment
   &GeometryIndex 1
   &dipoleMagnitude [&Type "Double", &Units "a.u."]       3.6022579541131301e+00
   &dipoleElecContrib [&Type "ArrayOfDoubles", &Dim (3,1)] "Electronic contribution"
                                                         0

0                                      2.1725855561457401e+01
1                                     -4.3613603132122609e+00
2                                     -3.7868762643945104e+01
   &dipoleNucContrib [&Type "ArrayOfDoubles", &Dim (3,1)] "Nuclear contribution"
                                                         0

0                                     -2.3276117246178671e+01
1                                      3.5641714804902591e+00
2                                      4.1021133345788371e+01
   &dipoleTotal [&Type "ArrayOfDoubles", &Dim (3,1)] "Total"
                                                         0

0                                     -1.5502616847212707e+00
1                                     -7.9718883272200181e-01
2                                      3.1523707018432674e+00
   &doAtomicDipole [&Type "Boolean"] false
   &Method [&Type "String"] "SCF"
   &Level [&Type "String"] "Relaxed density"
   &Mult [&Type "Integer"] 1
   &State [&Type "Integer"] -1
   &Irrep [&Type "Integer"] 0
$End
$Calculation_Timings
   &GeometryIndex 1
   &GTOINT [&Type "Double"]       9.9381389999999996e+00
   &SCF [&Type "Double"]       1.2878356139999999e+03
   &PROP [&Type "Double"]       7.4221400000010362e-01
   &SUM [&Type "Double"]       1.2985159670000000e+03
$End
