*************************************************
******************* ORCA 6.1.0-f.0 ******************
*************************************************
$Calculation_Status
   &GeometryIndex 1
   &version [&Type "String"] "6.1.0-f.0"
   &progName [&Type "String"] "LeanSCF"
   &Status [&Type "String"] "NORMAL TERMINATION"
$End
$Geometry
   &GeometryIndex 1
   &NAtoms [&Type "Integer"] 85
   &NCorelessECP [&Type "Integer"] 0
   &NGhostAtoms [&Type "Integer"] 0
   &CartesianCoordinates [&Type "Coordinates", &Dim(85,4), &Units "Bohr"] 
              N    179.429496415823   76.023682367652   57.447674471206
              H    178.068893599400   74.700874073907   57.579955300581
              C    180.487743050819   76.533908423811   54.915441451752
              H    182.490852752775   76.155963197026   54.613085270324
              C    179.372804631805   74.549695983193   53.120201624526
              H    177.313003145831   74.568593244533   53.120201624526
              H    179.864133426625   72.716661633290   53.913886600773
              C    180.355462221444   74.493004199176   50.398995991680
              H    180.620023880193   76.269346765062   49.397441140702
              C    182.963284286256   73.359168518823   50.058845287574
              H    182.849900718220   71.337161555527   50.398995991680
              H    183.605791171789   73.737113745607   48.150221892313
              H    184.172709011965   74.322928847123   51.419448103997
              C    178.768092268950   72.924531508021   48.641550687133
              H    179.467290938501   72.716661633290   46.714030030533
              H    178.560222394219   71.072599896778   49.548619231415
              H    176.916160657708   73.774908268286   48.320297244366
              C    179.996414255999   79.255114056657   54.065064691487
              O    177.974407292703   79.859826419512   53.101304363187
              N    181.923934912599   80.918073054508   54.178448259522
              H    183.700277478485   80.275566168975   54.443009918271
              C    181.791654083224   83.525895119319   53.176893408544
              H    180.204284130731   83.620381426015   51.854085114799
              C    181.564886947154   85.491210298597   55.217797633179
              H    181.867243128581   87.418730955197   54.556393486307
              C    178.881475836986   85.623491127972   56.030379870765
              H    178.144482644756   83.866045823425   56.786270324334
              H    178.616914178237   86.927402160378   57.598852561920
              H    177.766537417972   86.398278842880   54.480804440950
              C    183.208948683665   85.151059594492   57.655544345937
              H    182.793208934203   86.549456933593   59.110633469057
              H    182.585339059471   83.431408812623   58.600407412898
              H    185.193161124283   85.113265071813   57.145318289779
              C    184.210503534644   84.281785572888   51.759598808103
              O    186.194715975261   83.242436199231   52.288722125601
              N    184.210503534644   86.303792536184   50.191126116948
              H    182.490852752775   87.059682989752   49.813180890164
              C    186.478174895349   87.380936432519   49.000598652578
              H    187.385243439631   85.623491127972   48.452578073741
              C    185.382133737675   88.798231032960   46.600646462498
              H    186.950606428829   89.516326963850   45.466810782145
              H    184.248298057322   90.442292769471   47.073077995978
              C    183.945941875895   87.078580251091   44.956584725987
              C    185.268750169640   85.415621253241   43.425906557510
              H    187.309654394274   85.547902082615   43.444803818850
              C    183.908147353216   83.771559516729   41.800742082338
              H    184.928599465534   82.429853961645   40.629111879307
              C    181.224736243048   83.601484164676   41.970817434391
              H    180.260975914748   82.033011473522   41.063748890109
              C    179.920825210642   85.472313037258   43.388112034832
              H    177.898818247347   85.604593866633   43.369214773493
              C    181.205838981709   87.173066557787   44.899892941969
              H    180.128695085374   88.476977590193   46.033728622322
              C    188.122236631861   88.949409123673   50.947016570517
              O    190.125346333817   89.818683145277   50.285612423645
              N    187.215168087578   89.365148873136   53.233585192562
              H    185.590003612406   88.439183067515   53.649324942024
              C    188.273414722574   91.330464052414   54.972133235769
              H    189.634017538998   92.558786039463   54.046167430148
              C    186.024640623208   92.936731266247   55.652434643981
              H    186.308099543296   94.183950514635   57.277599119153
              H    184.418373409375   91.972970937947   56.502811404245
              C    185.249852908300   94.637484786776   53.535941373989
              C    186.761633815437   96.867361624803   53.120201624526
              H    188.556873642662   97.207512328909   54.027270168809
              C    185.949051577851   98.454731577297   51.154886445248
              H    187.101784519543  100.079896052469   50.720249434446
              C    183.908147353216   97.736635646407   49.680900060790
              H    183.662482955806   98.983854894795   48.074632846957
              C    182.377469184740   95.601245115076   50.134434332931
              H    180.903482800281   95.166608104274   48.792728777847
              C    182.944387024916   94.259539559992   52.288722125601
              H    181.980626696617   92.520991516784   52.780050920421
              C    189.709606584354   90.083244804026   57.202010073796
              O    191.202490230152   91.406053097771   58.373640276827
              N    189.388353141588   87.569909045911   57.655544345937
              H    188.613565426680   86.738429546985   56.124866177461
              C    190.805647742029   86.171511706809   59.545270479859
              H    192.770962921307   86.776224069664   59.564167741198
              C    189.785195629711   86.795121331003   62.171989806009
              H    187.933264018468   85.925847309399   62.455448726097
              H    190.975723094082   85.888052786721   63.589284406450
              H    189.766298368372   88.779333771620   62.663318600829
              C    191.013517616760   83.299127983249   59.053941685039
              O    189.312764096231   82.165292302896   57.825619697990
$End
$SCF_Mulliken_Population_Analysis
   &GeometryIndex 1
   &NAtoms [&Type "Integer"] 85
   &ATNO [&Type "ArrayOfIntegers", &Dim (85,1)] 
                                                         0

0                                                        7
1                                                        1
2                                                        6
3                                                        1
4                                                        6
5                                                        1
6                                                        1
7                                                        6
8                                                        1
9                                                        6
10                                                       1
11                                                       1
12                                                       1
13                                                       6
14                                                       1
15                                                       1
16                                                       1
17                                                       6
18                                                       8
19                                                       7
20                                                       1
21                                                       6
22                                                       1
23                                                       6
24                                                       1
25                                                       6
26                                                       1
27                                                       1
28                                                       1
29                                                       6
30                                                       1
31                                                       1
32                                                       1
33                                                       6
34                                                       8
35                                                       7
36                                                       1
37                                                       6
38                                                       1
39                                                       6
40                                                       1
41                                                       1
42                                                       6
43                                                       6
44                                                       1
45                                                       6
46                                                       1
47                                                       6
48                                                       1
49                                                       6
50                                                       1
51                                                       6
52                                                       1
53                                                       6
54                                                       8
55                                                       7
56                                                       1
57                                                       6
58                                                       1
59                                                       6
60                                                       1
61                                                       1
62                                                       6
63                                                       6
64                                                       1
65                                                       6
66                                                       1
67                                                       6
68                                                       1
69                                                       6
70                                                       1
71                                                       6
72                                                       1
73                                                       6
74                                                       8
75                                                       7
76                                                       1
77                                                       6
78                                                       1
79                                                       6
80                                                       1
81                                                       1
82                                                       1
83                                                       6
84                                                       8
   &AtomicCharges [&Type "ArrayOfDoubles", &Dim (85,1)] 
                                                         0

0                                     -2.1594685038315387e-01
1                                      1.0643424703992399e-01
2                                      7.5835784541113505e-02
3                                      2.5625125557996453e-03
4                                      7.0847328701114876e-02
5                                      1.8961683788072392e-03
6                                     -1.6286290088043165e-02
7                                     -1.2189221720808430e-01
8                                     -9.7332658287530016e-03
9                                      6.0360659539384187e-02
10                                    -5.4112009231774838e-03
11                                     3.1967145971404376e-03
12                                    -8.8538392470713934e-03
13                                     4.3051553022634081e-02
14                                    -4.7331902354832422e-03
15                                    -5.9650126568504547e-03
16                                    -1.1668976784999785e-03
17                                     1.3039370748588741e-01
18                                    -2.5947479992512079e-01
19                                    -1.3911604987866788e-01
20                                     1.3493658122245300e-01
21                                     1.8056117824128126e-01
22                                     1.6145473221143902e-02
23                                    -1.6146192157540540e-01
24                                    -1.2736599395120507e-02
25                                     7.9675726659857560e-02
26                                     2.8163346886600382e-02
27                                    -1.2409773069763652e-02
28                                    -6.6906021454948839e-03
29                                     5.8826300804525999e-02
30                                     6.8366435306925766e-03
31                                     1.7834110643071832e-02
32                                    -9.4637064002998095e-03
33                                     4.8739076594841002e-02
34                                    -2.6834791191861562e-01
35                                    -2.0759265191693910e-01
36                                     1.2040736200215929e-01
37                                     1.2678700872511328e-01
38                                     3.1068868760601109e-02
39                                     1.2427842167168990e-01
40                                     2.4428759509484310e-02
41                                    -3.9253027143155705e-03
42                                    -4.5831987716242750e-02
43                                    -1.0969318914915149e-03
44                                    -1.5046839064470019e-02
45                                     2.3748599220960287e-02
46                                    -7.9607044719869346e-03
47                                     1.9307471322458802e-02
48                                    -4.9664754052358706e-03
49                                     3.2826324564352305e-02
50                                    -1.9950209901718363e-02
51                                    -1.3031876957627198e-02
52                                    -3.3479301913342807e-02
53                                     1.0068009510044895e-01
54                                    -2.4562986018310085e-01
55                                    -1.8556409164063670e-01
56                                     1.3875195542250807e-01
57                                     1.6294884987618641e-01
58                                     4.1116495848702028e-02
59                                     1.0299706803583675e-01
60                                     1.3272932083236655e-02
61                                    -1.7120130488470497e-02
62                                    -6.7032580859867963e-02
63                                     5.1015571812218496e-03
64                                    -5.1375927042489611e-03
65                                     2.7227896478079217e-02
66                                    -1.7615884396279036e-02
67                                     1.1072183033177474e-02
68                                    -1.7088027782270032e-02
69                                     4.9460414438994960e-02
70                                    -1.6212665489488742e-02
71                                     2.0822833979402766e-02
72                                    -4.3831874686281136e-02
73                                     8.8027522740629749e-02
74                                    -2.6371577934165735e-01
75                                    -1.5713850851590028e-01
76                                     1.4601877659888807e-01
77                                     9.0304852057455420e-02
78                                     4.2296198773064564e-02
79                                     3.4896274513140924e-02
80                                     2.3818951024422441e-02
81                                     1.5039492339093297e-02
82                                     5.0576522852360473e-02
83                                     7.0933416027380680e-02
84                                    -1.5585481124845479e-01
   &Method [&Type "String"] "SCF"
   &Level [&Type "String"] "Relaxed density"
   &Mult [&Type "Integer"] 1
   &State [&Type "Integer"] -1
   &Irrep [&Type "Integer"] 0
$End
$SCF_Loewdin_Population_Analysis
   &GeometryIndex 1
   &NAtoms [&Type "Integer"] 85
   &ATNO [&Type "ArrayOfIntegers", &Dim (85,1)] 
                                                         0

0                                                        7
1                                                        1
2                                                        6
3                                                        1
4                                                        6
5                                                        1
6                                                        1
7                                                        6
8                                                        1
9                                                        6
10                                                       1
11                                                       1
12                                                       1
13                                                       6
14                                                       1
15                                                       1
16                                                       1
17                                                       6
18                                                       8
19                                                       7
20                                                       1
21                                                       6
22                                                       1
23                                                       6
24                                                       1
25                                                       6
26                                                       1
27                                                       1
28                                                       1
29                                                       6
30                                                       1
31                                                       1
32                                                       1
33                                                       6
34                                                       8
35                                                       7
36                                                       1
37                                                       6
38                                                       1
39                                                       6
40                                                       1
41                                                       1
42                                                       6
43                                                       6
44                                                       1
45                                                       6
46                                                       1
47                                                       6
48                                                       1
49                                                       6
50                                                       1
51                                                       6
52                                                       1
53                                                       6
54                                                       8
55                                                       7
56                                                       1
57                                                       6
58                                                       1
59                                                       6
60                                                       1
61                                                       1
62                                                       6
63                                                       6
64                                                       1
65                                                       6
66                                                       1
67                                                       6
68                                                       1
69                                                       6
70                                                       1
71                                                       6
72                                                       1
73                                                       6
74                                                       8
75                                                       7
76                                                       1
77                                                       6
78                                                       1
79                                                       6
80                                                       1
81                                                       1
82                                                       1
83                                                       6
84                                                       8
   &AtomicCharges [&Type "ArrayOfDoubles", &Dim (85,1)] 
                                                         0

0                                     -1.1031527656823492e-01
1                                      3.6551207375827399e-02
2                                     -1.5081639075215314e-02
3                                      3.3906384256947586e-02
4                                     -2.6165960595025517e-02
5                                      2.1442656133689342e-02
6                                      2.0186089474545699e-02
7                                     -4.8396947672714852e-02
8                                      1.8365818615603713e-02
9                                     -3.8655361348101991e-02
10                                     1.4113435370032734e-02
11                                     2.1170173289460803e-02
12                                     9.3388943557903836e-03
13                                    -4.4002527373123712e-02
14                                     1.9160768536743533e-02
15                                     1.6619143504834621e-02
16                                     1.6705679314948041e-02
17                                     7.8278005654425442e-02
18                                    -2.0815498232497553e-01
19                                     1.5740537747806371e-02
20                                     7.6632757135790097e-02
21                                     3.5150809396350624e-02
22                                     3.2093995368127737e-02
23                                    -4.8000292900288066e-02
24                                     1.0435206187891621e-02
25                                    -3.8148928417036210e-02
26                                     2.8841341159327460e-02
27                                     1.7469866768775821e-02
28                                     1.7833328259029502e-02
29                                    -4.8542966858726722e-02
30                                     2.4270409361970779e-02
31                                     2.9152195320698238e-02
32                                     5.0040298124559568e-03
33                                     5.1670378844636211e-02
34                                    -2.2501704967808145e-01
35                                    -1.1640690783010221e-02
36                                     6.9249509779228058e-02
37                                     3.7788529498118173e-02
38                                     3.8876940913580849e-02
39                                    -1.4460307944637485e-02
40                                     4.2419824072596812e-02
41                                     2.6707927216291227e-02
42                                    -2.3548189233570049e-02
43                                    -2.4657036585214342e-02
44                                     2.8152254385151898e-02
45                                    -8.9838917386559913e-03
46                                     2.6652453052908087e-02
47                                    -2.2620957162319932e-02
48                                     2.8713222111207859e-02
49                                    -1.5483218657792897e-02
50                                     2.4538347046308195e-02
51                                    -4.1609426622605916e-02
52                                     1.7391140628764679e-02
53                                     4.3002121851518638e-02
54                                    -2.0798160390345544e-01
55                                    -2.1429342770558080e-03
56                                     6.4645398544598054e-02
57                                     4.9716535443717902e-02
58                                     4.8577499480829234e-02
59                                    -2.9320103969305400e-02
60                                     4.0850438169793835e-02
61                                     2.2772722793196642e-02
62                                    -1.6384579128464694e-02
63                                    -1.2912170780476018e-02
64                                     2.8246638872078456e-02
65                                    -1.6881749173277782e-02
66                                     2.7109948673698758e-02
67                                    -2.3596343776668860e-02
68                                     2.5015165146018314e-02
69                                    -2.2876425433914882e-02
70                                     2.6879052257511749e-02
71                                    -3.6350566486325064e-02
72                                     1.4176687923473485e-02
73                                     6.7936062268928232e-02
74                                    -2.1820155540438613e-01
75                                    -7.0563641628940132e-03
76                                     6.3432604829702255e-02
77                                     3.4461762973840848e-03
78                                     4.0120925336204483e-02
79                                    -3.3810379099127985e-02
80                                     2.7140350771367228e-02
81                                     3.1767418274836201e-02
82                                     3.8124223528936185e-02
83                                     5.5703534083798800e-02
84                                    -6.8286337363018035e-02
   &Method [&Type "String"] "SCF"
   &Level [&Type "String"] "Relaxed density"
   &Mult [&Type "Integer"] 1
   &State [&Type "Integer"] -1
   &Irrep [&Type "Integer"] 0
$End
$SCF_Mayer_Population_Analysis
   &GeometryIndex 1
   &NAtoms [&Type "Integer"] 85 "Total number of atoms"
   &NBondOrdersPrint [&Type "Integer"] 88 "The number of bond orders larger than threshold"
   &bondThresh [&Type "Double"]       1.0000000000000001e-01  "The threshold for printing"
   &components [&Type "ArrayOfIntegers", &Dim (88,4)] "The indices and atomic numbers of the bonding atoms"
                                                         0                           1                           2                           3

0                                                        0                           7                           1                           1
1                                                        0                           7                           2                           6
2                                                        0                           7                          83                           6
3                                                        0                           7                          84                           8
4                                                        2                           6                           3                           1
5                                                        2                           6                           4                           6
6                                                        2                           6                          17                           6
7                                                        4                           6                           5                           1
8                                                        4                           6                           6                           1
9                                                        4                           6                           7                           6
10                                                       7                           6                           8                           1
11                                                       7                           6                           9                           6
12                                                       7                           6                          13                           6
13                                                       9                           6                          10                           1
14                                                       9                           6                          11                           1
15                                                       9                           6                          12                           1
16                                                      13                           6                          14                           1
17                                                      13                           6                          15                           1
18                                                      13                           6                          16                           1
19                                                      17                           6                          18                           8
20                                                      17                           6                          19                           7
21                                                      19                           7                          20                           1
22                                                      19                           7                          21                           6
23                                                      21                           6                          22                           1
24                                                      21                           6                          23                           6
25                                                      21                           6                          33                           6
26                                                      23                           6                          24                           1
27                                                      23                           6                          25                           6
28                                                      23                           6                          29                           6
29                                                      25                           6                          26                           1
30                                                      25                           6                          27                           1
31                                                      25                           6                          28                           1
32                                                      29                           6                          30                           1
33                                                      29                           6                          31                           1
34                                                      29                           6                          32                           1
35                                                      33                           6                          34                           8
36                                                      33                           6                          35                           7
37                                                      35                           7                          36                           1
38                                                      35                           7                          37                           6
39                                                      37                           6                          38                           1
40                                                      37                           6                          39                           6
41                                                      37                           6                          53                           6
42                                                      39                           6                          40                           1
43                                                      39                           6                          41                           1
44                                                      39                           6                          42                           6
45                                                      42                           6                          43                           6
46                                                      42                           6                          51                           6
47                                                      43                           6                          44                           1
48                                                      43                           6                          45                           6
49                                                      45                           6                          46                           1
50                                                      45                           6                          47                           6
51                                                      47                           6                          48                           1
52                                                      47                           6                          49                           6
53                                                      49                           6                          50                           1
54                                                      49                           6                          51                           6
55                                                      51                           6                          52                           1
56                                                      53                           6                          54                           8
57                                                      53                           6                          55                           7
58                                                      55                           7                          56                           1
59                                                      55                           7                          57                           6
60                                                      57                           6                          58                           1
61                                                      57                           6                          59                           6
62                                                      57                           6                          73                           6
63                                                      59                           6                          60                           1
64                                                      59                           6                          61                           1
65                                                      59                           6                          62                           6
66                                                      62                           6                          63                           6
67                                                      62                           6                          71                           6
68                                                      63                           6                          64                           1
69                                                      63                           6                          65                           6
70                                                      65                           6                          66                           1
71                                                      65                           6                          67                           6
72                                                      67                           6                          68                           1
73                                                      67                           6                          69                           6
74                                                      69                           6                          70                           1
75                                                      69                           6                          71                           6
76                                                      71                           6                          72                           1
77                                                      73                           6                          74                           8
78                                                      73                           6                          75                           7
79                                                      75                           7                          76                           1
80                                                      75                           7                          77                           6
81                                                      77                           6                          78                           1
82                                                      77                           6                          79                           6
83                                                      77                           6                          83                           6
84                                                      79                           6                          80                           1
85                                                      79                           6                          81                           1
86                                                      79                           6                          82                           1
87                                                      83                           6                          84                           8
   &BondOrders [&Type "ArrayOfDoubles", &Dim (88,1)] "The bond orders"
                                                         0

0                                      9.4792842669854582e-01
1                                      1.1634683894695832e+00
2                                      4.3587775075218627e-01
3                                      2.4183616017684881e-01
4                                      8.7218807999560566e-01
5                                      1.0474138205473582e+00
6                                      8.5949073065871306e-01
7                                      9.2923401025310082e-01
8                                      9.2444003513489659e-01
9                                      1.0144868460199574e+00
10                                     9.2546906073592827e-01
11                                     1.0683669891508072e+00
12                                     1.0826715792935744e+00
13                                     9.6110348790196276e-01
14                                     9.6485240079134971e-01
15                                     9.5853813253962150e-01
16                                     9.6209859171737167e-01
17                                     9.6331929831650964e-01
18                                     9.5960846623120066e-01
19                                     1.9923861513031311e+00
20                                     1.2366084704200908e+00
21                                     8.9927984581605169e-01
22                                     1.0009860456166306e+00
23                                     9.0103039161379395e-01
24                                     9.9422612693134793e-01
25                                     9.1925786462630676e-01
26                                     9.2028623921480757e-01
27                                     1.0902041741270989e+00
28                                     1.0655746782982873e+00
29                                     9.5517507668984591e-01
30                                     9.5586229595017558e-01
31                                     9.5854798062777502e-01
32                                     9.5864341981876133e-01
33                                     9.5195698529769701e-01
34                                     9.4968742276418994e-01
35                                     1.9975113587852933e+00
36                                     1.2328510851071872e+00
37                                     9.1246548113812098e-01
38                                     8.8694297726433113e-01
39                                     8.9611734195953408e-01
40                                     1.0494120374171618e+00
41                                     8.9251924132048965e-01
42                                     9.0751569648767871e-01
43                                     9.2586316321694473e-01
44                                     1.0432982261482342e+00
45                                     1.4545945959995430e+00
46                                     1.3152555843332208e+00
47                                     9.7766999314583403e-01
48                                     1.3445931842328891e+00
49                                     9.7517575409751811e-01
50                                     1.4245868774133652e+00
51                                     9.8362286389699138e-01
52                                     1.3439287161589699e+00
53                                     9.7726192268402856e-01
54                                     1.4532690849107157e+00
55                                     9.7613150467072929e-01
56                                     2.0748334044934795e+00
57                                     1.2403898020126898e+00
58                                     8.8417045308723052e-01
59                                     8.8847043703586714e-01
60                                     8.9632965467855052e-01
61                                     1.0574524110435208e+00
62                                     9.1285429967984200e-01
63                                     9.0629202780622975e-01
64                                     9.2359152650891818e-01
65                                     1.0291130281356666e+00
66                                     1.3701624647030957e+00
67                                     1.4321818334674306e+00
68                                     9.7793984610128082e-01
69                                     1.4023691615918068e+00
70                                     9.7912064513417485e-01
71                                     1.4258244655439918e+00
72                                     9.7464657062114624e-01
73                                     1.3834713629170123e+00
74                                     9.8692517899571786e-01
75                                     1.3477763670383762e+00
76                                     9.7110336462587543e-01
77                                     2.0371715301806836e+00
78                                     1.2406650642558783e+00
79                                     8.7426779361650653e-01
80                                     9.4102905334928977e-01
81                                     9.1074130806765397e-01
82                                     1.0723768137344565e+00
83                                     8.4133267590861438e-01
84                                     9.6265207061666247e-01
85                                     9.5748192921498787e-01
86                                     9.5831189840955688e-01
87                                     2.0463701332546989e+00
   &ATNO [&Type "ArrayOfIntegers", &Dim (85,1)] "Atomic number of the elements"
                                                         0

0                                                        7
1                                                        1
2                                                        6
3                                                        1
4                                                        6
5                                                        1
6                                                        1
7                                                        6
8                                                        1
9                                                        6
10                                                       1
11                                                       1
12                                                       1
13                                                       6
14                                                       1
15                                                       1
16                                                       1
17                                                       6
18                                                       8
19                                                       7
20                                                       1
21                                                       6
22                                                       1
23                                                       6
24                                                       1
25                                                       6
26                                                       1
27                                                       1
28                                                       1
29                                                       6
30                                                       1
31                                                       1
32                                                       1
33                                                       6
34                                                       8
35                                                       7
36                                                       1
37                                                       6
38                                                       1
39                                                       6
40                                                       1
41                                                       1
42                                                       6
43                                                       6
44                                                       1
45                                                       6
46                                                       1
47                                                       6
48                                                       1
49                                                       6
50                                                       1
51                                                       6
52                                                       1
53                                                       6
54                                                       8
55                                                       7
56                                                       1
57                                                       6
58                                                       1
59                                                       6
60                                                       1
61                                                       1
62                                                       6
63                                                       6
64                                                       1
65                                                       6
66                                                       1
67                                                       6
68                                                       1
69                                                       6
70                                                       1
71                                                       6
72                                                       1
73                                                       6
74                                                       8
75                                                       7
76                                                       1
77                                                       6
78                                                       1
79                                                       6
80                                                       1
81                                                       1
82                                                       1
83                                                       6
84                                                       8
   &NA [&Type "ArrayOfDoubles", &Dim (85,1)] "Mulliken gross atomic population"
                                                         0

0                                      7.2159468503831530e+00
1                                      8.9356575296007590e-01
2                                      5.9241642154588821e+00
3                                      9.9743748744420069e-01
4                                      5.9291526712988922e+00
5                                      9.9810383162119343e-01
6                                      1.0162862900880427e+00
7                                      6.1218922172080861e+00
8                                      1.0097332658287528e+00
9                                      5.9396393404606158e+00
10                                     1.0054112009231775e+00
11                                     9.9680328540285956e-01
12                                     1.0088538392470723e+00
13                                     5.9569484469773686e+00
14                                     1.0047331902354830e+00
15                                     1.0059650126568507e+00
16                                     1.0011668976784995e+00
17                                     5.8696062925141206e+00
18                                     8.2594747999251155e+00
19                                     7.1391160498786732e+00
20                                     8.6506341877754711e-01
21                                     5.8194388217587179e+00
22                                     9.8385452677885776e-01
23                                     6.1614619215754090e+00
24                                     1.0127365993951214e+00
25                                     5.9203242733401424e+00
26                                     9.7183665311340006e-01
27                                     1.0124097730697637e+00
28                                     1.0066906021454953e+00
29                                     5.9411736991954696e+00
30                                     9.9316335646930776e-01
31                                     9.8216588935692928e-01
32                                     1.0094637064003009e+00
33                                     5.9512609234051634e+00
34                                     8.2683479119186156e+00
35                                     7.2075926519169453e+00
36                                     8.7959263799784171e-01
37                                     5.8732129912748903e+00
38                                     9.6893113123939900e-01
39                                     5.8757215783283083e+00
40                                     9.7557124049051636e-01
41                                     1.0039253027143153e+00
42                                     6.0458319877162454e+00
43                                     6.0010969318915048e+00
44                                     1.0150468390644707e+00
45                                     5.9762514007790362e+00
46                                     1.0079607044719865e+00
47                                     5.9806925286775430e+00
48                                     1.0049664754052363e+00
49                                     5.9671736754356530e+00
50                                     1.0199502099017186e+00
51                                     6.0130318769576334e+00
52                                     1.0334793019133430e+00
53                                     5.8993199048995484e+00
54                                     8.2456298601830937e+00
55                                     7.1855640916406331e+00
56                                     8.6124804457749171e-01
57                                     5.8370511501238100e+00
58                                     9.5888350415129853e-01
59                                     5.8970029319641659e+00
60                                     9.8672706791676368e-01
61                                     1.0171201304884703e+00
62                                     6.0670325808598751e+00
63                                     5.9948984428187710e+00
64                                     1.0051375927042485e+00
65                                     5.9727721035219226e+00
66                                     1.0176158843962793e+00
67                                     5.9889278169668270e+00
68                                     1.0170880277822703e+00
69                                     5.9505395855610015e+00
70                                     1.0162126654894881e+00
71                                     5.9791771660205928e+00
72                                     1.0438318746862811e+00
73                                     5.9119724772593667e+00
74                                     8.2637157793416485e+00
75                                     7.1571385085158958e+00
76                                     8.5398122340111171e-01
77                                     5.9096951479425428e+00
78                                     9.5770380122693521e-01
79                                     5.9651037254868573e+00
80                                     9.7618104897557734e-01
81                                     9.8496050766090659e-01
82                                     9.4942347714763942e-01
83                                     5.9290665839726184e+00
84                                     8.1558548112484548e+00
   &ZA [&Type "ArrayOfDoubles", &Dim (85,1)] "Total nuclear charge"
                                                         0

0                                      7.0000000000000000e+00
1                                      1.0000000000000000e+00
2                                      6.0000000000000000e+00
3                                      1.0000000000000000e+00
4                                      6.0000000000000000e+00
5                                      1.0000000000000000e+00
6                                      1.0000000000000000e+00
7                                      6.0000000000000000e+00
8                                      1.0000000000000000e+00
9                                      6.0000000000000000e+00
10                                     1.0000000000000000e+00
11                                     1.0000000000000000e+00
12                                     1.0000000000000000e+00
13                                     6.0000000000000000e+00
14                                     1.0000000000000000e+00
15                                     1.0000000000000000e+00
16                                     1.0000000000000000e+00
17                                     6.0000000000000000e+00
18                                     8.0000000000000000e+00
19                                     7.0000000000000000e+00
20                                     1.0000000000000000e+00
21                                     6.0000000000000000e+00
22                                     1.0000000000000000e+00
23                                     6.0000000000000000e+00
24                                     1.0000000000000000e+00
25                                     6.0000000000000000e+00
26                                     1.0000000000000000e+00
27                                     1.0000000000000000e+00
28                                     1.0000000000000000e+00
29                                     6.0000000000000000e+00
30                                     1.0000000000000000e+00
31                                     1.0000000000000000e+00
32                                     1.0000000000000000e+00
33                                     6.0000000000000000e+00
34                                     8.0000000000000000e+00
35                                     7.0000000000000000e+00
36                                     1.0000000000000000e+00
37                                     6.0000000000000000e+00
38                                     1.0000000000000000e+00
39                                     6.0000000000000000e+00
40                                     1.0000000000000000e+00
41                                     1.0000000000000000e+00
42                                     6.0000000000000000e+00
43                                     6.0000000000000000e+00
44                                     1.0000000000000000e+00
45                                     6.0000000000000000e+00
46                                     1.0000000000000000e+00
47                                     6.0000000000000000e+00
48                                     1.0000000000000000e+00
49                                     6.0000000000000000e+00
50                                     1.0000000000000000e+00
51                                     6.0000000000000000e+00
52                                     1.0000000000000000e+00
53                                     6.0000000000000000e+00
54                                     8.0000000000000000e+00
55                                     7.0000000000000000e+00
56                                     1.0000000000000000e+00
57                                     6.0000000000000000e+00
58                                     1.0000000000000000e+00
59                                     6.0000000000000000e+00
60                                     1.0000000000000000e+00
61                                     1.0000000000000000e+00
62                                     6.0000000000000000e+00
63                                     6.0000000000000000e+00
64                                     1.0000000000000000e+00
65                                     6.0000000000000000e+00
66                                     1.0000000000000000e+00
67                                     6.0000000000000000e+00
68                                     1.0000000000000000e+00
69                                     6.0000000000000000e+00
70                                     1.0000000000000000e+00
71                                     6.0000000000000000e+00
72                                     1.0000000000000000e+00
73                                     6.0000000000000000e+00
74                                     8.0000000000000000e+00
75                                     7.0000000000000000e+00
76                                     1.0000000000000000e+00
77                                     6.0000000000000000e+00
78                                     1.0000000000000000e+00
79                                     6.0000000000000000e+00
80                                     1.0000000000000000e+00
81                                     1.0000000000000000e+00
82                                     1.0000000000000000e+00
83                                     6.0000000000000000e+00
84                                     8.0000000000000000e+00
   &QA [&Type "ArrayOfDoubles", &Dim (85,1)] "Mulliken gross atomic charge"
                                                         0

0                                     -2.1594685038315298e-01
1                                      1.0643424703992410e-01
2                                      7.5835784541117945e-02
3                                      2.5625125557993123e-03
4                                      7.0847328701107770e-02
5                                      1.8961683788065731e-03
6                                     -1.6286290088042721e-02
7                                     -1.2189221720808607e-01
8                                     -9.7332658287527796e-03
9                                      6.0360659539384187e-02
10                                    -5.4112009231774838e-03
11                                     3.1967145971404376e-03
12                                    -8.8538392470722815e-03
13                                     4.3051553022631417e-02
14                                    -4.7331902354830202e-03
15                                    -5.9650126568506767e-03
16                                    -1.1668976784995344e-03
17                                     1.3039370748587942e-01
18                                    -2.5947479992511546e-01
19                                    -1.3911604987867321e-01
20                                     1.3493658122245289e-01
21                                     1.8056117824128215e-01
22                                     1.6145473221142237e-02
23                                    -1.6146192157540895e-01
24                                    -1.2736599395121395e-02
25                                     7.9675726659857560e-02
26                                     2.8163346886599938e-02
27                                    -1.2409773069763652e-02
28                                    -6.6906021454953279e-03
29                                     5.8826300804530440e-02
30                                     6.8366435306922435e-03
31                                     1.7834110643070722e-02
32                                    -9.4637064003009197e-03
33                                     4.8739076594836561e-02
34                                    -2.6834791191861562e-01
35                                    -2.0759265191694531e-01
36                                     1.2040736200215829e-01
37                                     1.2678700872510973e-01
38                                     3.1068868760600998e-02
39                                     1.2427842167169167e-01
40                                     2.4428759509483644e-02
41                                    -3.9253027143153485e-03
42                                    -4.5831987716245415e-02
43                                    -1.0969318915048376e-03
44                                    -1.5046839064470685e-02
45                                     2.3748599220963840e-02
46                                    -7.9607044719864906e-03
47                                     1.9307471322457026e-02
48                                    -4.9664754052363147e-03
49                                     3.2826324564346976e-02
50                                    -1.9950209901718585e-02
51                                    -1.3031876957633415e-02
52                                    -3.3479301913343029e-02
53                                     1.0068009510045162e-01
54                                    -2.4562986018309374e-01
55                                    -1.8556409164063314e-01
56                                     1.3875195542250829e-01
57                                     1.6294884987618996e-01
58                                     4.1116495848701473e-02
59                                     1.0299706803583408e-01
60                                     1.3272932083236322e-02
61                                    -1.7120130488470275e-02
62                                    -6.7032580859875068e-02
63                                     5.1015571812289551e-03
64                                    -5.1375927042485170e-03
65                                     2.7227896478077440e-02
66                                    -1.7615884396279258e-02
67                                     1.1072183033173033e-02
68                                    -1.7088027782270254e-02
69                                     4.9460414438998512e-02
70                                    -1.6212665489488076e-02
71                                     2.0822833979407207e-02
72                                    -4.3831874686281136e-02
73                                     8.8027522740633302e-02
74                                    -2.6371577934164847e-01
75                                    -1.5713850851589584e-01
76                                     1.4601877659888829e-01
77                                     9.0304852057457197e-02
78                                     4.2296198773064786e-02
79                                     3.4896274513142700e-02
80                                     2.3818951024422663e-02
81                                     1.5039492339093408e-02
82                                     5.0576522852360584e-02
83                                     7.0933416027381568e-02
84                                    -1.5585481124845479e-01
   &VA [&Type "ArrayOfDoubles", &Dim (85,1)] "Mayer's total valence"
                                                         0

0                                      2.9863798368538941e+00
1                                      1.0030127032095317e+00
2                                      3.9964818768588950e+00
3                                      1.0009669338921117e+00
4                                      3.9656746868972981e+00
5                                      1.0090675520884307e+00
6                                      9.9838380172751562e-01
7                                      4.1826908367874909e+00
8                                      9.7834754327026419e-01
9                                      3.9717328196690245e+00
10                                     9.9824823986679789e-01
11                                     9.8875115822171189e-01
12                                     9.9345661220356918e-01
13                                     3.9995381320600263e+00
14                                     9.8620304347762044e-01
15                                     9.9610651793063676e-01
16                                     9.8305260764377012e-01
17                                     4.2276288232896135e+00
18                                     2.2704222392962752e+00
19                                     3.2503235550037699e+00
20                                     1.0324721223506461e+00
21                                     3.8549565273165514e+00
22                                     1.0345525560290887e+00
23                                     4.1826687644737977e+00
24                                     9.8255710183828204e-01
25                                     3.9902394994548027e+00
26                                     1.0086087109728739e+00
27                                     9.8698908173397237e-01
28                                     9.8860588664620563e-01
29                                     3.9524071996410433e+00
30                                     9.9144347315977333e-01
31                                     1.0129727040157253e+00
32                                     1.0707893998505664e+00
33                                     4.2800067807628768e+00
34                                     2.2421784775678129e+00
35                                     3.1626834405834838e+00
36                                     1.0189845857545423e+00
37                                     3.8116103735530595e+00
38                                     1.0248777843258619e+00
39                                     3.9450196203660441e+00
40                                     9.9807655846564325e-01
41                                     1.0066805256354865e+00
42                                     3.9778845238207596e+00
43                                     3.8652852183177568e+00
44                                     9.8935754614463467e-01
45                                     3.8570536729051357e+00
46                                     9.7943041698773270e-01
47                                     3.8356517236658236e+00
48                                     9.8056806410087516e-01
49                                     3.8811629356623669e+00
50                                     9.7834268601065510e-01
51                                     3.8691171340121238e+00
52                                     9.8321592683374448e-01
53                                     4.3244270901637227e+00
54                                     2.2841482279656358e+00
55                                     3.1575278786917096e+00
56                                     1.0232324755610849e+00
57                                     3.8220317132715933e+00
58                                     1.0516929924173188e+00
59                                     3.9521103952996173e+00
60                                     9.9343455367115274e-01
61                                     9.9648374102310155e-01
62                                     3.9863146318249791e+00
63                                     3.8765624418429483e+00
64                                     9.8806754840350508e-01
65                                     3.9056806078910222e+00
66                                     9.7610803786835321e-01
67                                     3.8893080005171878e+00
68                                     9.7879286015210842e-01
69                                     3.8052806211747274e+00
70                                     9.7997454218385782e-01
71                                     3.8508308293852673e+00
72                                     9.9222032991861031e-01
73                                     4.2999009710839697e+00
74                                     2.2508116237482962e+00
75                                     3.1873464943711109e+00
76                                     1.0443094290861001e+00
77                                     3.9443521716003436e+00
78                                     9.9773489432343954e-01
79                                     3.9859900125405821e+00
80                                     9.9869014206203266e-01
81                                     9.9229335387304685e-01
82                                     1.0110656051875351e+00
83                                     3.4933259622940964e+00
84                                     2.4315269865350517e+00
   &BVA [&Type "ArrayOfDoubles", &Dim (85,1)] "Mayer's bonded valence"
                                                         0

0                                      2.9863798368539083e+00
1                                      1.0030127032095491e+00
2                                      3.9964818768589230e+00
3                                      1.0009669338921099e+00
4                                      3.9656746868971968e+00
5                                      1.0090675520884145e+00
6                                      9.9838380172751395e-01
7                                      4.1826908367875131e+00
8                                      9.7834754327028028e-01
9                                      3.9717328196689574e+00
10                                     9.9824823986679512e-01
11                                     9.8875115822170256e-01
12                                     9.9345661220357406e-01
13                                     3.9995381320599330e+00
14                                     9.8620304347760757e-01
15                                     9.9610651793064187e-01
16                                     9.8305260764375402e-01
17                                     4.2276288232896295e+00
18                                     2.2704222392962938e+00
19                                     3.2503235550038170e+00
20                                     1.0324721223506508e+00
21                                     3.8549565273166628e+00
22                                     1.0345525560290780e+00
23                                     4.1826687644738954e+00
24                                     9.8255710183827050e-01
25                                     3.9902394994548405e+00
26                                     1.0086087109728805e+00
27                                     9.8698908173399136e-01
28                                     9.8860588664621685e-01
29                                     3.9524071996410695e+00
30                                     9.9144347315977410e-01
31                                     1.0129727040157261e+00
32                                     1.0707893998505749e+00
33                                     4.2800067807628643e+00
34                                     2.2421784775678644e+00
35                                     3.1626834405834865e+00
36                                     1.0189845857545428e+00
37                                     3.8116103735530396e+00
38                                     1.0248777843258772e+00
39                                     3.9450196203660464e+00
40                                     9.9807655846565435e-01
41                                     1.0066805256354883e+00
42                                     3.9778845238206499e+00
43                                     3.8652852183178057e+00
44                                     9.8935754614462612e-01
45                                     3.8570536729052689e+00
46                                     9.7943041698774747e-01
47                                     3.8356517236658960e+00
48                                     9.8056806410087471e-01
49                                     3.8811629356623705e+00
50                                     9.7834268601066343e-01
51                                     3.8691171340120363e+00
52                                     9.8321592683372105e-01
53                                     4.3244270901637663e+00
54                                     2.2841482279656677e+00
55                                     3.1575278786917327e+00
56                                     1.0232324755610900e+00
57                                     3.8220317132716852e+00
58                                     1.0516929924173299e+00
59                                     3.9521103952996413e+00
60                                     9.9343455367116762e-01
61                                     9.9648374102309190e-01
62                                     3.9863146318250493e+00
63                                     3.8765624418430362e+00
64                                     9.8806754840351152e-01
65                                     3.9056806078909756e+00
66                                     9.7610803786832356e-01
67                                     3.8893080005171492e+00
68                                     9.7879286015211919e-01
69                                     3.8052806211746995e+00
70                                     9.7997454218386559e-01
71                                     3.8508308293852425e+00
72                                     9.9222032991860776e-01
73                                     4.2999009710839964e+00
74                                     2.2508116237483593e+00
75                                     3.1873464943711411e+00
76                                     1.0443094290861006e+00
77                                     3.9443521716002863e+00
78                                     9.9773489432343609e-01
79                                     3.9859900125405252e+00
80                                     9.9869014206203943e-01
81                                     9.9229335387303963e-01
82                                     1.0110656051875306e+00
83                                     3.4933259622940924e+00
84                                     2.4315269865350526e+00
   &FA [&Type "ArrayOfDoubles", &Dim (85,1)] "Mayer's free valence"
                                                         0

0                                      0.0000000000000000e+00
1                                      0.0000000000000000e+00
2                                      0.0000000000000000e+00
3                                      0.0000000000000000e+00
4                                      0.0000000000000000e+00
5                                      0.0000000000000000e+00
6                                      0.0000000000000000e+00
7                                      0.0000000000000000e+00
8                                      0.0000000000000000e+00
9                                      0.0000000000000000e+00
10                                     0.0000000000000000e+00
11                                     0.0000000000000000e+00
12                                     0.0000000000000000e+00
13                                     0.0000000000000000e+00
14                                     0.0000000000000000e+00
15                                     0.0000000000000000e+00
16                                     0.0000000000000000e+00
17                                     0.0000000000000000e+00
18                                     0.0000000000000000e+00
19                                     0.0000000000000000e+00
20                                     0.0000000000000000e+00
21                                     0.0000000000000000e+00
22                                     0.0000000000000000e+00
23                                     0.0000000000000000e+00
24                                     0.0000000000000000e+00
25                                     0.0000000000000000e+00
26                                     0.0000000000000000e+00
27                                     0.0000000000000000e+00
28                                     0.0000000000000000e+00
29                                     0.0000000000000000e+00
30                                     0.0000000000000000e+00
31                                     0.0000000000000000e+00
32                                     0.0000000000000000e+00
33                                     0.0000000000000000e+00
34                                     0.0000000000000000e+00
35                                     0.0000000000000000e+00
36                                     0.0000000000000000e+00
37                                     0.0000000000000000e+00
38                                     0.0000000000000000e+00
39                                     0.0000000000000000e+00
40                                     0.0000000000000000e+00
41                                     0.0000000000000000e+00
42                                     0.0000000000000000e+00
43                                     0.0000000000000000e+00
44                                     0.0000000000000000e+00
45                                     0.0000000000000000e+00
46                                     0.0000000000000000e+00
47                                     0.0000000000000000e+00
48                                     0.0000000000000000e+00
49                                     0.0000000000000000e+00
50                                     0.0000000000000000e+00
51                                     0.0000000000000000e+00
52                                     0.0000000000000000e+00
53                                     0.0000000000000000e+00
54                                     0.0000000000000000e+00
55                                     0.0000000000000000e+00
56                                     0.0000000000000000e+00
57                                     0.0000000000000000e+00
58                                     0.0000000000000000e+00
59                                     0.0000000000000000e+00
60                                     0.0000000000000000e+00
61                                     0.0000000000000000e+00
62                                     0.0000000000000000e+00
63                                     0.0000000000000000e+00
64                                     0.0000000000000000e+00
65                                     0.0000000000000000e+00
66                                     0.0000000000000000e+00
67                                     0.0000000000000000e+00
68                                     0.0000000000000000e+00
69                                     0.0000000000000000e+00
70                                     0.0000000000000000e+00
71                                     0.0000000000000000e+00
72                                     0.0000000000000000e+00
73                                     0.0000000000000000e+00
74                                     0.0000000000000000e+00
75                                     0.0000000000000000e+00
76                                     0.0000000000000000e+00
77                                     0.0000000000000000e+00
78                                     0.0000000000000000e+00
79                                     0.0000000000000000e+00
80                                     0.0000000000000000e+00
81                                     0.0000000000000000e+00
82                                     0.0000000000000000e+00
83                                     0.0000000000000000e+00
84                                     0.0000000000000000e+00
   &Method [&Type "String"] "SCF"
   &Level [&Type "String"] "Relaxed density"
   &Mult [&Type "Integer"] 1
   &State [&Type "Integer"] -1
   &Irrep [&Type "Integer"] 0
$End
$SCF_Energy
   &GeometryIndex 1
   &Method [&Type "String"] "SCF"
   &totalEnergy [&Type "ArrayOfDoubles", &Dim (1,1)] "Total energy of each state"
                                                         0

0                                     -1.8924235353748240e+03
   &Mult [&Type "ArrayOfIntegers", &Dim (1,1)] "Multiplicity of each state"
                                                         0

0                                                        1
$End
$DFT_Energy
   &GeometryIndex 1
   &nAlphaEl [&Type "Integer"] 154
   &nBetaEl [&Type "Integer"] 154
   &nTotalEl [&Type "Integer"] 309
   &finalEn [&Type "Double"]      -1.8924235353748240e+03  "No Van der Waals correction"
   &eExchange [&Type "Double"]      -2.0260082287421190e+02
   &eCorr [&Type "Double"]      -1.2344230194200891e+01
   &eXC [&Type "Double"]      -2.1494505306841279e+02
   &eCNL [&Type "Double"]       0.0000000000000000e+00
$End
$SCF_Timings
   &GeometryIndex 1
   &TOTAL [&Type "Double"]       1.0384348380000001e+03
   &PREP [&Type "Double"]       7.0080399999999998e-01
   &FOCK [&Type "Double"]       1.0134699490000000e+03
   &DENS [&Type "Double"]       1.6532799999998815e+00
   &ETOT [&Type "Double"]       4.6625999999997347e-01
   &POP [&Type "Double"]       1.5830899999991743e-01
   &TRAFO [&Type "Double"]       3.2186009999998859e+00
   &DIIS [&Type "Double"]       1.6928145000000121e+01
   &SOSCF [&Type "Double"]       1.1000000029071089e-05
   &NR [&Type "Double"]       1.7968000000109896e-02
   &XC [&Type "Double"]       8.5472933999999682e+01
   &FOCKSTART [&Type "Double"]       1.1999799999990868e-01
   &INT_PREP [&Type "Double"]       1.5000000033182914e-05
   &INT_BF [&Type "Double"]       3.1499958999995528e+01
   &INT_DENS [&Type "Double"]       2.3317670000004092e+01
   &INT_DENSIO [&Type "Double"]       2.3903489737689063e+07
   &INT_FUNC [&Type "Double"]       2.3971030000022360e+00
   &INT_POT [&Type "Double"]       1.8603127999998350e+01
   &INT_POTIO [&Type "Double"]       2.3889300000169200e-01
   &INT_SUM [&Type "Double"]       1.1969999999834613e-03
   &SPLITRIJ [&Type "Double"]       2.0938260899999986e+02
   &COSX [&Type "Double"]       7.1608746100000019e+02
$End
$VdW_Correction
   &GeometryIndex 1
   &vdW [&Type "Double"]      -1.8902831540481874e-01
$End
$Single_Point_Data
   &GeometryIndex 1
   &FinalEnergy [&Type "Double"]      -1.8926125636902289e+03  "Final single point energy"
   &Converged [&Type "Boolean"] true
$End
$Calculation_Info
   &GeometryIndex 1
   &Mult [&Type "Integer"] 1
   &Charge [&Type "Integer"] 0
   &NumOfAtoms [&Type "Integer"] 85
   &NumOfElectrons [&Type "Integer"] 310
   &NumOfBasisFuncts [&Type "Integer"] 803
   &NumOfAuxCBasisFuncts [&Type "Integer"] 0
   &NumOfAuxJBasisFuncts [&Type "Integer"] 2531
   &NumOfAuxJKBasisFuncts [&Type "Integer"] 0
   &NumOfCABSBasisFuncts [&Type "Integer"] 0
$End
$SCF_Dipole_Moment
   &GeometryIndex 1
   &dipoleMagnitude [&Type "Double", &Units "a.u."]       1.4582754950661136e+00
   &dipoleElecContrib [&Type "ArrayOfDoubles", &Dim (3,1)] "Electronic contribution"
                                                         0

0                                      2.2091456580009492e+01
1                                      2.5590703256467258e+01
2                                     -1.1680941951683186e+00
   &dipoleNucContrib [&Type "ArrayOfDoubles", &Dim (3,1)] "Nuclear contribution"
                                                         0

0                                     -2.3179411257175730e+01
1                                     -2.4926861515046340e+01
2                                      4.5940795832603953e-01
   &dipoleTotal [&Type "ArrayOfDoubles", &Dim (3,1)] "Total"
                                                         0

0                                     -1.0879546771662376e+00
1                                      6.6384174142091723e-01
2                                     -7.0868623684227905e-01
   &doAtomicDipole [&Type "Boolean"] false
   &Method [&Type "String"] "SCF"
   &Level [&Type "String"] "Relaxed density"
   &Mult [&Type "Integer"] 1
   &State [&Type "Integer"] -1
   &Irrep [&Type "Integer"] 0
$End
$Calculation_Timings
   &GeometryIndex 1
   &GTOINT [&Type "Double"]       9.7650850000000009e+00
   &SCF [&Type "Double"]       1.0438273070000000e+03
   &PROP [&Type "Double"]       7.6405100000010862e-01
   &SUM [&Type "Double"]       1.0543564430000001e+03
$End
