*************************************************
******************* ORCA 6.1.0-f.0 ******************
*************************************************
$Calculation_Status
   &GeometryIndex 1
   &version [&Type "String"] "6.1.0-f.0"
   &progName [&Type "String"] "ProgCAS"
   &Status [&Type "String"] "NORMAL TERMINATION"
$End
$Geometry
   &GeometryIndex 1
   &NAtoms [&Type "Integer"] 85
   &NCorelessECP [&Type "Integer"] 0
   &NGhostAtoms [&Type "Integer"] 0
   &CartesianCoordinates [&Type "Coordinates", &Dim(85,4), &Units "Bohr"] 
              N     83.771559516729   43.161344898761  100.930272812734
              H     83.091258108517   42.329865399836  102.517642765228
              C     81.995216950843   44.427461408489   99.267313814883
              H     81.579477201380   42.915680501352   97.925608259799
              C     79.708648328798   45.372324475449  100.722402938003
              H     80.407846998349   46.732927291873  102.101903015765
              H     78.914963352551   43.728262738938  101.686163266303
              C     77.440976968093   46.506160155802   99.324005598901
              H     78.083483853626   48.301399983027   98.568115145332
              C     76.590600207828   44.824303896612   97.131923283552
              H     78.140175637644   44.786509373934   95.771320467129
              H     76.137065935687   42.896783240012   97.717738385068
              H     74.889846687299   45.693577918216   96.338238307305
              C     75.324483698101   47.054180734639  101.175937210144
              H     74.852052164621   45.296735430092  102.139697538444
              H     75.910298799617   48.282502721688  102.725512639959
              H     73.548141132215   47.828968449547  100.457841279254
              C     83.053463585839   46.600646462498   97.698841123729
              O     82.864490972447   46.619543723837   95.374477979006
              N     84.243991050209   48.471475335080   98.889368588099
              H     84.073915698156   48.452578073741  100.797991983360
              C     85.169956855831   50.644660389090   97.509868510337
              H     83.412511551284   51.419448103997   96.772875318107
              C     85.906950048060   52.704461875064   99.361800121579
              H     84.527449970298   52.647770091046  100.892478290056
              C     88.514772112871   52.288722125601  100.533430324611
              H     88.306902238140   50.455687775697  101.421601607554
              H     90.045450281348   52.232030341583   99.153930246848
              H     88.854922816977   53.932783862113  101.723957788981
              C     85.226648639848   55.312283939875   98.303553486584
              H     86.530559672254   55.860304518712   96.791772579447
              H     83.261333460570   55.368975723893   97.717738385068
              H     85.415621253241   56.767373062994   99.739745348364
              C     87.002991205734   50.134434332931   95.336683456327
              O     86.984093944395   51.665112501407   93.579238151780
              N     88.476977590193   48.093530108296   95.431169763023
              H     88.571463896889   47.073077995978   97.056334238195
              C     90.196628372061   47.243153348031   93.484751845084
              H     91.368258575093   48.849420561864   92.898936743569
              C     91.916279153930   45.183351862057   94.561895741419
              H     90.782443473577   43.898338090991   95.695731421772
              H     93.257984709014   46.166009451696   95.771320467129
              C     93.276881970353   43.539290125546   92.672169607498
              C     95.506758808380   44.408564147149   91.576128449824
              H     96.300443784627   46.203803974375   92.161943551339
              C     96.735080795429   42.991269546708   89.705299577242
              H     98.549217883993   43.614879170902   89.006100907691
              C     95.752423205790   40.648009140646   88.949409123673
              H     96.640594488733   39.457481676276   87.551011784572
              C     93.503649106424   39.797632380382   90.026553020008
              H     92.747758652855   38.021289814496   89.402943395814
              C     92.275327119375   41.214926980822   91.916279153930
              H     90.536779076167   40.440139265915   92.672169607498
              C     88.760436510281   46.543954678480   91.103696916344
              O     89.629710531885   47.129769779996   89.043895430369
              N     86.738429546985   45.051071032683   91.349361313753
              H     86.284895274844   44.616434021881   93.144601140978
              C     85.207751378509   43.898338090991   89.384046134475
              H     86.549456933593   43.161344898761   88.004546056713
              C     83.620381426015   41.725153036981   90.461190030810
              H     82.165292302896   41.196029719483   89.100587214387
              H     82.883388233786   42.632221581263   92.161943551339
              C     85.283340423866   39.514173460293   91.179285961700
              C     86.322689797523   37.964598030478   89.308457089118
              H     86.417176104219   38.531515870654   87.362039171179
              C     87.532114523232   35.659132147094   89.799785883938
              H     88.250210454122   34.487501944063   88.288004976801
              C     87.853367965999   34.997728000222   92.332018903392
              H     88.987203646352   33.391460786389   92.880039482230
              C     86.681737762968   36.471714384680   94.202847775974
              H     86.454970626897   35.734721192451   96.092573909896
              C     85.302237685205   38.663796700029   93.673724458476
              H     84.281785572888   39.570865244311   95.204402626953
              C     83.620381426015   46.033728622322   88.288004976801
              O     83.639278687355   46.714030030533   86.077025400113
              N     82.221984086914   47.413228700084   89.875374929295
              H     82.033011473522   46.770721814551   91.670614756520
              C     80.464538782367   49.321852095345   89.006100907691
              H     79.160627749961   48.395886289723   87.702189875285
              C     79.274011317997   50.380098730341   91.406053097771
              H     77.781127672199   51.665112501407   90.801340734916
              H     78.612607171124   48.736036993829   92.445402471428
              H     80.540127827724   51.287167274623   92.766655914194
              C     81.768449814773   51.627317978729   87.872265227338
              O     80.842484009151   52.572181045689   85.963641832078
$End
$CAS_SCF_Energies
   &GeometryIndex 1
   &finalEnergy [&Type "Double"]      -1.8597019937681071e+03  "Final GS or SA energy"
   &numOfElectrons [&Type "Integer"] 310
   &numOfActiveEl [&Type "Integer"] 4 "Number of active electrons"
   &numOfActiveOrbs [&Type "Integer"] 4 "Number of active orbitals"
   &numOfFCElectrons [&Type "Integer"] 0
   &Method [&Type "String"] "CASSCF"
   &totalEnergy [&Type "ArrayOfDoubles", &Dim (1,1)] "Total energy of each state"
                                                         0

0                                     -1.8597019937681071e+03
   &Mult [&Type "ArrayOfIntegers", &Dim (1,1)] "Multiplicity of each state"
                                                         0

0                                                        1
   &RelCorr [&Type "String"] "None" "Relativistic correction (SOC and/or SSC)"
   &NBlocks [&Type "Integer"] 1 "Number of multiplicity blocks"
   &NRoots [&Type "ArrayOfIntegers", &Dim (1,1)] "Number of roots in each block"
                                                         0

0                                                        1
   &NTotalRoots [&Type "Integer"] 1 "Total number of roots"
   &Block [&Type "ArrayOfIntegers", &Dim (1,1)] "Block index of each state"
                                                         0

0                                                        0
   &Root [&Type "ArrayOfIntegers", &Dim (1,1)] "Root index within the block"
                                                         0

0                                                        0
$End
$Mulliken_Population_Analysis
   &GeometryIndex 1
   &NAtoms [&Type "Integer"] 85
   &ATNO [&Type "ArrayOfIntegers", &Dim (85,1)] 
                                                         0

0                                                        7
1                                                        1
2                                                        6
3                                                        1
4                                                        6
5                                                        1
6                                                        1
7                                                        6
8                                                        1
9                                                        6
10                                                       1
11                                                       1
12                                                       1
13                                                       6
14                                                       1
15                                                       1
16                                                       1
17                                                       6
18                                                       8
19                                                       7
20                                                       1
21                                                       6
22                                                       1
23                                                       6
24                                                       1
25                                                       6
26                                                       1
27                                                       1
28                                                       1
29                                                       6
30                                                       1
31                                                       1
32                                                       1
33                                                       6
34                                                       8
35                                                       7
36                                                       1
37                                                       6
38                                                       1
39                                                       6
40                                                       1
41                                                       1
42                                                       6
43                                                       6
44                                                       1
45                                                       6
46                                                       1
47                                                       6
48                                                       1
49                                                       6
50                                                       1
51                                                       6
52                                                       1
53                                                       6
54                                                       8
55                                                       7
56                                                       1
57                                                       6
58                                                       1
59                                                       6
60                                                       1
61                                                       1
62                                                       6
63                                                       6
64                                                       1
65                                                       6
66                                                       1
67                                                       6
68                                                       1
69                                                       6
70                                                       1
71                                                       6
72                                                       1
73                                                       6
74                                                       8
75                                                       7
76                                                       1
77                                                       6
78                                                       1
79                                                       6
80                                                       1
81                                                       1
82                                                       1
83                                                       6
84                                                       8
   &AtomicCharges [&Type "ArrayOfDoubles", &Dim (85,1)] 
                                                         0

0                                     -2.5550579770972348e-01
1                                      1.5673233227367300e-01
2                                     -2.3484389926595739e-03
3                                      8.5321374359935587e-02
4                                     -1.0918531815738763e-01
5                                      5.1189345792702401e-02
6                                      5.5370207404779936e-02
7                                     -2.0598789491367953e-02
8                                      5.0860838852558654e-02
9                                     -1.7708363990662512e-01
10                                     6.3207885738824077e-02
11                                     5.7491036642258742e-02
12                                     6.3781299573769101e-02
13                                    -1.7909888102211013e-01
14                                     5.2798238782214901e-02
15                                     5.5343068487000768e-02
16                                     6.4558835610678433e-02
17                                     3.0717506659764737e-01
18                                    -3.1873161584768717e-01
19                                    -3.7221251257930543e-01
20                                     1.9762089233755264e-01
21                                     4.6529313659139149e-02
22                                     7.8419057226154720e-02
23                                    -2.0312356189766234e-02
24                                     4.9510842903083496e-02
25                                    -1.8306706589411537e-01
26                                     6.0872839509371390e-02
27                                     6.5616316343674930e-02
28                                     6.9349337359940311e-02
29                                    -1.7648791455134649e-01
30                                     6.8838418005930935e-02
31                                     6.2112126754254593e-02
32                                     5.6239467388065512e-02
33                                     3.0465162674874513e-01
34                                    -2.7995873023820650e-01
35                                    -3.7490762439316150e-01
36                                     1.9716626679318594e-01
37                                     5.4495179836859364e-02
38                                     8.4515503888211829e-02
39                                    -1.0997284980845468e-01
40                                     5.9705311122918103e-02
41                                     6.9099193283889360e-02
42                                     7.3122191499734868e-03
43                                    -6.1238678382323997e-02
44                                     6.1201332395866115e-02
45                                    -5.7591727996334718e-02
46                                     6.3623850410311045e-02
47                                    -6.3857477418444830e-02
48                                     6.3765755561989268e-02
49                                    -6.1089014041495027e-02
50                                     6.2463654707129002e-02
51                                    -6.6962207571402033e-02
52                                     6.4504371620526024e-02
53                                     3.0393478867954116e-01
54                                    -2.8726312709920876e-01
55                                    -3.7747295412372850e-01
56                                     1.9113876093942928e-01
57                                     5.6405058742699410e-02
58                                     8.6718463976071636e-02
59                                    -1.0830258665790105e-01
60                                     7.7996493228858377e-02
61                                     6.4982464638082327e-02
62                                     6.8956899878678257e-03
63                                    -6.6616281196970384e-02
64                                     6.5783703109042913e-02
65                                    -5.9592856783951653e-02
66                                     6.9294533964286531e-02
67                                    -6.3683026768048379e-02
68                                     6.5075293898075648e-02
69                                    -6.3910769595862504e-02
70                                     5.8973524360152796e-02
71                                    -6.9854523062630847e-02
72                                     5.9011223085553843e-02
73                                     2.9478044600440167e-01
74                                    -2.9857948697227421e-01
75                                    -3.7748263710172125e-01
76                                     2.1222293475367127e-01
77                                     5.8452881122075695e-02
78                                     8.1118026090020612e-02
79                                    -1.7489210697204527e-01
80                                     6.7868389060544487e-02
81                                     6.1931041796842279e-02
82                                     7.9610404831181758e-02
83                                     1.6936371532370043e-01
84                                    -2.0513924818870422e-01
   &Method [&Type "String"] "CASSCF"
   &Level [&Type "String"] "Relaxed density"
   &Mult [&Type "Integer"] 1
   &State [&Type "Integer"] 0
   &Irrep [&Type "Integer"] 0
$End
$Loewdin_Population_Analysis
   &GeometryIndex 1
   &NAtoms [&Type "Integer"] 85
   &ATNO [&Type "ArrayOfIntegers", &Dim (85,1)] 
                                                         0

0                                                        7
1                                                        1
2                                                        6
3                                                        1
4                                                        6
5                                                        1
6                                                        1
7                                                        6
8                                                        1
9                                                        6
10                                                       1
11                                                       1
12                                                       1
13                                                       6
14                                                       1
15                                                       1
16                                                       1
17                                                       6
18                                                       8
19                                                       7
20                                                       1
21                                                       6
22                                                       1
23                                                       6
24                                                       1
25                                                       6
26                                                       1
27                                                       1
28                                                       1
29                                                       6
30                                                       1
31                                                       1
32                                                       1
33                                                       6
34                                                       8
35                                                       7
36                                                       1
37                                                       6
38                                                       1
39                                                       6
40                                                       1
41                                                       1
42                                                       6
43                                                       6
44                                                       1
45                                                       6
46                                                       1
47                                                       6
48                                                       1
49                                                       6
50                                                       1
51                                                       6
52                                                       1
53                                                       6
54                                                       8
55                                                       7
56                                                       1
57                                                       6
58                                                       1
59                                                       6
60                                                       1
61                                                       1
62                                                       6
63                                                       6
64                                                       1
65                                                       6
66                                                       1
67                                                       6
68                                                       1
69                                                       6
70                                                       1
71                                                       6
72                                                       1
73                                                       6
74                                                       8
75                                                       7
76                                                       1
77                                                       6
78                                                       1
79                                                       6
80                                                       1
81                                                       1
82                                                       1
83                                                       6
84                                                       8
   &AtomicCharges [&Type "ArrayOfDoubles", &Dim (85,1)] 
                                                         0

0                                     -1.7814924495022932e-01
1                                      9.9602601134083368e-02
2                                      1.7340781431817831e-02
3                                      4.7475628595234021e-02
4                                     -5.1020853487436568e-02
5                                      2.0935918518903307e-02
6                                      2.4333490174926364e-02
7                                      1.7592020574086042e-02
8                                      1.7936297048454120e-02
9                                     -9.0397141079526122e-02
10                                     3.2574125606027904e-02
11                                     2.7622847237612214e-02
12                                     3.3030351782951883e-02
13                                    -9.2793782342647901e-02
14                                     2.3714884464738017e-02
15                                     2.5720237248384015e-02
16                                     3.3395696456810842e-02
17                                     2.2038304853934321e-01
18                                    -2.7623127229429834e-01
19                                    -2.1839423667441515e-01
20                                     1.3381891904583332e-01
21                                     5.1745381106417021e-02
22                                     3.8755507832472946e-02
23                                     1.5292637841387346e-02
24                                     1.8125161506593601e-02
25                                    -9.4633479335207937e-02
26                                     3.0976331569003035e-02
27                                     3.3896714175549181e-02
28                                     3.7686345592796267e-02
29                                    -8.9219295369700191e-02
30                                     3.6123360367525503e-02
31                                     3.1520181947798487e-02
32                                     2.6301697643638322e-02
33                                     2.1374333179120164e-01
34                                    -2.4023786754979426e-01
35                                    -2.2101045171082401e-01
36                                     1.3325002933654750e-01
37                                     6.2751140890735080e-02
38                                     4.2698876912076633e-02
39                                    -4.4987311767140881e-02
40                                     2.8256394022752818e-02
41                                     3.4980049794607448e-02
42                                     1.1263414736142785e-02
43                                    -3.3857982184857249e-02
44                                     2.9591953186797970e-02
45                                    -2.4948874940145416e-02
46                                     3.1105721154816024e-02
47                                    -3.1387548637485274e-02
48                                     3.1400185061082553e-02
49                                    -2.8762696570546531e-02
50                                     2.9959977248127712e-02
51                                    -3.8983985262864174e-02
52                                     3.2504731900154127e-02
53                                     2.0893960813871892e-01
54                                    -2.4339499774265860e-01
55                                    -2.2706284039773461e-01
56                                     1.2705234969855272e-01
57                                     6.6823023691358507e-02
58                                     4.4869998625443830e-02
59                                    -4.4124519946876717e-02
60                                     4.2861551460251390e-02
61                                     3.3469988778746629e-02
62                                     1.1485994384311304e-02
63                                    -3.7948372680532749e-02
64                                     3.2471042033619169e-02
65                                    -2.5595967908725648e-02
66                                     3.5883916052789400e-02
67                                    -3.0538463790479753e-02
68                                     3.2269366906613639e-02
69                                    -3.2860601598669881e-02
70                                     2.7248348815689938e-02
71                                    -4.1451105711100666e-02
72                                     2.8463961846539099e-02
73                                     2.0316277917333547e-01
74                                    -2.5422363425571248e-01
75                                    -2.3062540210075522e-01
76                                     1.4435652556976364e-01
77                                     8.0380494602975361e-02
78                                     3.8635221087782501e-02
79                                    -8.3884238078303142e-02
80                                     3.6072547576163960e-02
81                                     3.1614577544977984e-02
82                                     4.5146683927494990e-02
83                                     7.9504728481442299e-02
84                                    -1.2139251350541613e-01
   &Method [&Type "String"] "CASSCF"
   &Level [&Type "String"] "Relaxed density"
   &Mult [&Type "Integer"] 1
   &State [&Type "Integer"] 0
   &Irrep [&Type "Integer"] 0
$End
$Mayer_Population_Analysis
   &GeometryIndex 1
   &NAtoms [&Type "Integer"] 85 "Total number of atoms"
   &NBondOrdersPrint [&Type "Integer"] 96 "The number of bond orders larger than threshold"
   &bondThresh [&Type "Double"]       1.0000000000000001e-01  "The threshold for printing"
   &components [&Type "ArrayOfIntegers", &Dim (96,4)] "The indices and atomic numbers of the bonding atoms"
                                                         0                           1                           2                           3

0                                                        0                           7                           1                           1
1                                                        0                           7                           2                           6
2                                                        2                           6                           3                           1
3                                                        2                           6                           4                           6
4                                                        2                           6                          17                           6
5                                                        4                           6                           5                           1
6                                                        4                           6                           6                           1
7                                                        4                           6                           7                           6
8                                                        7                           6                           8                           1
9                                                        7                           6                           9                           6
10                                                       7                           6                          13                           6
11                                                       9                           6                          10                           1
12                                                       9                           6                          11                           1
13                                                       9                           6                          12                           1
14                                                      13                           6                          14                           1
15                                                      13                           6                          15                           1
16                                                      13                           6                          16                           1
17                                                      17                           6                          18                           8
18                                                      17                           6                          19                           7
19                                                      18                           8                          19                           7
20                                                      19                           7                          20                           1
21                                                      19                           7                          21                           6
22                                                      21                           6                          22                           1
23                                                      21                           6                          23                           6
24                                                      21                           6                          33                           6
25                                                      23                           6                          24                           1
26                                                      23                           6                          25                           6
27                                                      23                           6                          29                           6
28                                                      25                           6                          26                           1
29                                                      25                           6                          27                           1
30                                                      25                           6                          28                           1
31                                                      29                           6                          30                           1
32                                                      29                           6                          31                           1
33                                                      29                           6                          32                           1
34                                                      33                           6                          34                           8
35                                                      33                           6                          35                           7
36                                                      34                           8                          35                           7
37                                                      35                           7                          36                           1
38                                                      35                           7                          37                           6
39                                                      37                           6                          38                           1
40                                                      37                           6                          39                           6
41                                                      37                           6                          53                           6
42                                                      39                           6                          40                           1
43                                                      39                           6                          41                           1
44                                                      39                           6                          42                           6
45                                                      42                           6                          43                           6
46                                                      42                           6                          47                           6
47                                                      42                           6                          51                           6
48                                                      43                           6                          44                           1
49                                                      43                           6                          45                           6
50                                                      43                           6                          49                           6
51                                                      45                           6                          46                           1
52                                                      45                           6                          47                           6
53                                                      45                           6                          51                           6
54                                                      47                           6                          48                           1
55                                                      47                           6                          49                           6
56                                                      49                           6                          50                           1
57                                                      49                           6                          51                           6
58                                                      51                           6                          52                           1
59                                                      53                           6                          54                           8
60                                                      53                           6                          55                           7
61                                                      54                           8                          55                           7
62                                                      55                           7                          56                           1
63                                                      55                           7                          57                           6
64                                                      57                           6                          58                           1
65                                                      57                           6                          59                           6
66                                                      57                           6                          73                           6
67                                                      59                           6                          60                           1
68                                                      59                           6                          61                           1
69                                                      59                           6                          62                           6
70                                                      62                           6                          63                           6
71                                                      62                           6                          67                           6
72                                                      62                           6                          71                           6
73                                                      63                           6                          64                           1
74                                                      63                           6                          65                           6
75                                                      63                           6                          69                           6
76                                                      65                           6                          66                           1
77                                                      65                           6                          67                           6
78                                                      65                           6                          71                           6
79                                                      67                           6                          68                           1
80                                                      67                           6                          69                           6
81                                                      69                           6                          70                           1
82                                                      69                           6                          71                           6
83                                                      71                           6                          72                           1
84                                                      73                           6                          74                           8
85                                                      73                           6                          75                           7
86                                                      74                           8                          75                           7
87                                                      75                           7                          76                           1
88                                                      75                           7                          77                           6
89                                                      77                           6                          78                           1
90                                                      77                           6                          79                           6
91                                                      77                           6                          83                           6
92                                                      79                           6                          80                           1
93                                                      79                           6                          81                           1
94                                                      79                           6                          82                           1
95                                                      83                           6                          84                           8
   &BondOrders [&Type "ArrayOfDoubles", &Dim (96,1)] "The bond orders"
                                                         0

0                                      9.4253160439251404e-01
1                                      9.9180909411644713e-01
2                                      9.5187917920715792e-01
3                                      9.7427883795274883e-01
4                                      9.2941388234360633e-01
5                                      9.7203598088534249e-01
6                                      9.7229212624685402e-01
7                                      9.8074639244428086e-01
8                                      9.6750224701794318e-01
9                                      9.9317608374559452e-01
10                                     9.9521312404209250e-01
11                                     9.8028198837870717e-01
12                                     9.8142026252064007e-01
13                                     9.8210368603109932e-01
14                                     9.8289140175249701e-01
15                                     9.8246271926928919e-01
16                                     9.8033433385649016e-01
17                                     1.8116765023788928e+00
18                                     1.1204389571141684e+00
19                                     1.6091042595883270e-01
20                                     9.1582738014985765e-01
21                                     9.3111750637913127e-01
22                                     9.5523679982556664e-01
23                                     9.7103160233302388e-01
24                                     9.2480518912385923e-01
25                                     9.6524215678775194e-01
26                                     9.9439252415321966e-01
27                                     9.9197197396600567e-01
28                                     9.8141604474139577e-01
29                                     9.8072436701513444e-01
30                                     9.8184598508853804e-01
31                                     9.8148747252036472e-01
32                                     9.8050117841052653e-01
33                                     9.8327806794630124e-01
34                                     1.8562944018758183e+00
35                                     1.0926946177163734e+00
36                                     1.5942879271261762e-01
37                                     9.1642039538271280e-01
38                                     9.4089657322117182e-01
39                                     9.5543803240740910e-01
40                                     9.6943647544558920e-01
41                                     9.2652448977484880e-01
42                                     9.7142209124155521e-01
43                                     9.7053510556905265e-01
44                                     9.9531978846208424e-01
45                                     1.4122203193319449e+00
46                                     1.0972414022843704e-01
47                                     1.4239671524599096e+00
48                                     9.7097094146084206e-01
49                                     1.4401396458541156e+00
50                                     1.1425509032142404e-01
51                                     9.7190266225280098e-01
52                                     1.4240560344218158e+00
53                                     1.1725202389120298e-01
54                                     9.7205416587951932e-01
55                                     1.4442946540650587e+00
56                                     9.7190103682049289e-01
57                                     1.4231861815210389e+00
58                                     9.6822102747588124e-01
59                                     1.8601815201801399e+00
60                                     1.0847466268440358e+00
61                                     1.5995380752081070e-01
62                                     9.1505659111743731e-01
63                                     9.3994438741980435e-01
64                                     9.5762384995583116e-01
65                                     9.7407184112500222e-01
66                                     9.2636552782589177e-01
67                                     9.6691124061039235e-01
68                                     9.7031867567299890e-01
69                                     9.9208108683693852e-01
70                                     1.4180788605035406e+00
71                                     1.1295415360467739e-01
72                                     1.4123547263613687e+00
73                                     9.7051203393410090e-01
74                                     1.4293018192309250e+00
75                                     1.1721527361148072e-01
76                                     9.7132233360401155e-01
77                                     1.4394707279281462e+00
78                                     1.1154567499118193e-01
79                                     9.7159190294324826e-01
80                                     1.4237837021594439e+00
81                                     9.7227969266925351e-01
82                                     1.4381605717727610e+00
83                                     9.7055246413344021e-01
84                                     1.8520048622756800e+00
85                                     1.0902002460063340e+00
86                                     1.5337640122244239e-01
87                                     8.9403507718560948e-01
88                                     9.5187189459282395e-01
89                                     9.4818750336959445e-01
90                                     9.8439729775592155e-01
91                                     9.0670623456708410e-01
92                                     9.8169148079371393e-01
93                                     9.7896249184316486e-01
94                                     9.7818820349076552e-01
95                                     2.0417003969017413e+00
   &ATNO [&Type "ArrayOfIntegers", &Dim (85,1)] "Atomic number of the elements"
                                                         0

0                                                        7
1                                                        1
2                                                        6
3                                                        1
4                                                        6
5                                                        1
6                                                        1
7                                                        6
8                                                        1
9                                                        6
10                                                       1
11                                                       1
12                                                       1
13                                                       6
14                                                       1
15                                                       1
16                                                       1
17                                                       6
18                                                       8
19                                                       7
20                                                       1
21                                                       6
22                                                       1
23                                                       6
24                                                       1
25                                                       6
26                                                       1
27                                                       1
28                                                       1
29                                                       6
30                                                       1
31                                                       1
32                                                       1
33                                                       6
34                                                       8
35                                                       7
36                                                       1
37                                                       6
38                                                       1
39                                                       6
40                                                       1
41                                                       1
42                                                       6
43                                                       6
44                                                       1
45                                                       6
46                                                       1
47                                                       6
48                                                       1
49                                                       6
50                                                       1
51                                                       6
52                                                       1
53                                                       6
54                                                       8
55                                                       7
56                                                       1
57                                                       6
58                                                       1
59                                                       6
60                                                       1
61                                                       1
62                                                       6
63                                                       6
64                                                       1
65                                                       6
66                                                       1
67                                                       6
68                                                       1
69                                                       6
70                                                       1
71                                                       6
72                                                       1
73                                                       6
74                                                       8
75                                                       7
76                                                       1
77                                                       6
78                                                       1
79                                                       6
80                                                       1
81                                                       1
82                                                       1
83                                                       6
84                                                       8
   &NA [&Type "ArrayOfDoubles", &Dim (85,1)] "Mulliken gross atomic population"
                                                         0

0                                      7.2555057977097190e+00
1                                      8.4326766772632722e-01
2                                      6.0023484389926551e+00
3                                      9.1467862564006353e-01
4                                      6.1091853181573725e+00
5                                      9.4881065420729704e-01
6                                      9.4462979259522062e-01
7                                      6.0205987894913706e+00
8                                      9.4913916114744135e-01
9                                      6.1770836399066278e+00
10                                     9.3679211426117648e-01
11                                     9.4250896335774148e-01
12                                     9.3621870042623090e-01
13                                     6.1790988810221181e+00
14                                     9.4720176121778499e-01
15                                     9.4465693151299990e-01
16                                     9.3544116438932146e-01
17                                     5.6928249334023517e+00
18                                     8.3187316158476747e+00
19                                     7.3722125125792974e+00
20                                     8.0237910766244747e-01
21                                     5.9534706863408600e+00
22                                     9.2158094277384495e-01
23                                     6.0203123561897574e+00
24                                     9.5048915709691728e-01
25                                     6.1830670658941145e+00
26                                     9.3912716049062817e-01
27                                     9.3438368365632452e-01
28                                     9.3065066264006024e-01
29                                     6.1764879145513589e+00
30                                     9.3116158199406884e-01
31                                     9.3788787324574574e-01
32                                     9.4376053261193460e-01
33                                     5.6953483732512558e+00
34                                     8.2799587302382083e+00
35                                     7.3749076243931757e+00
36                                     8.0283373320681450e-01
37                                     5.9455048201631397e+00
38                                     9.1548449611178750e-01
39                                     6.1099728498084476e+00
40                                     9.4029468887708212e-01
41                                     9.3090080671611053e-01
42                                     5.9926877808500256e+00
43                                     6.0612386783823222e+00
44                                     9.3879866760413377e-01
45                                     6.0575917279963294e+00
46                                     9.3637614958968918e-01
47                                     6.0638574774184351e+00
48                                     9.3623424443801073e-01
49                                     6.0610890140414995e+00
50                                     9.3753634529287089e-01
51                                     6.0669622075714003e+00
52                                     9.3549562837947386e-01
53                                     5.6960652113204597e+00
54                                     8.2872631270992141e+00
55                                     7.3774729541237267e+00
56                                     8.0886123906057050e-01
57                                     5.9435949412573050e+00
58                                     9.1328153602392870e-01
59                                     6.1083025866578913e+00
60                                     9.2200350677114118e-01
61                                     9.3501753536191790e-01
62                                     5.9931043100121348e+00
63                                     6.0666162811969668e+00
64                                     9.3421629689095720e-01
65                                     6.0595928567839552e+00
66                                     9.3070546603571336e-01
67                                     6.0636830267680422e+00
68                                     9.3492470610192435e-01
69                                     6.0639107695958705e+00
70                                     9.4102647563984720e-01
71                                     6.0698545230626344e+00
72                                     9.4098877691444605e-01
73                                     5.7052195539955957e+00
74                                     8.2985794869722707e+00
75                                     7.3774826371017213e+00
76                                     7.8777706524632851e-01
77                                     5.9415471188779270e+00
78                                     9.1888197390997950e-01
79                                     6.1748921069720453e+00
80                                     9.3213161093945540e-01
81                                     9.3806895820315772e-01
82                                     9.2038959516881824e-01
83                                     5.8306362846762942e+00
84                                     8.2051392481887078e+00
   &ZA [&Type "ArrayOfDoubles", &Dim (85,1)] "Total nuclear charge"
                                                         0

0                                      7.0000000000000000e+00
1                                      1.0000000000000000e+00
2                                      6.0000000000000000e+00
3                                      1.0000000000000000e+00
4                                      6.0000000000000000e+00
5                                      1.0000000000000000e+00
6                                      1.0000000000000000e+00
7                                      6.0000000000000000e+00
8                                      1.0000000000000000e+00
9                                      6.0000000000000000e+00
10                                     1.0000000000000000e+00
11                                     1.0000000000000000e+00
12                                     1.0000000000000000e+00
13                                     6.0000000000000000e+00
14                                     1.0000000000000000e+00
15                                     1.0000000000000000e+00
16                                     1.0000000000000000e+00
17                                     6.0000000000000000e+00
18                                     8.0000000000000000e+00
19                                     7.0000000000000000e+00
20                                     1.0000000000000000e+00
21                                     6.0000000000000000e+00
22                                     1.0000000000000000e+00
23                                     6.0000000000000000e+00
24                                     1.0000000000000000e+00
25                                     6.0000000000000000e+00
26                                     1.0000000000000000e+00
27                                     1.0000000000000000e+00
28                                     1.0000000000000000e+00
29                                     6.0000000000000000e+00
30                                     1.0000000000000000e+00
31                                     1.0000000000000000e+00
32                                     1.0000000000000000e+00
33                                     6.0000000000000000e+00
34                                     8.0000000000000000e+00
35                                     7.0000000000000000e+00
36                                     1.0000000000000000e+00
37                                     6.0000000000000000e+00
38                                     1.0000000000000000e+00
39                                     6.0000000000000000e+00
40                                     1.0000000000000000e+00
41                                     1.0000000000000000e+00
42                                     6.0000000000000000e+00
43                                     6.0000000000000000e+00
44                                     1.0000000000000000e+00
45                                     6.0000000000000000e+00
46                                     1.0000000000000000e+00
47                                     6.0000000000000000e+00
48                                     1.0000000000000000e+00
49                                     6.0000000000000000e+00
50                                     1.0000000000000000e+00
51                                     6.0000000000000000e+00
52                                     1.0000000000000000e+00
53                                     6.0000000000000000e+00
54                                     8.0000000000000000e+00
55                                     7.0000000000000000e+00
56                                     1.0000000000000000e+00
57                                     6.0000000000000000e+00
58                                     1.0000000000000000e+00
59                                     6.0000000000000000e+00
60                                     1.0000000000000000e+00
61                                     1.0000000000000000e+00
62                                     6.0000000000000000e+00
63                                     6.0000000000000000e+00
64                                     1.0000000000000000e+00
65                                     6.0000000000000000e+00
66                                     1.0000000000000000e+00
67                                     6.0000000000000000e+00
68                                     1.0000000000000000e+00
69                                     6.0000000000000000e+00
70                                     1.0000000000000000e+00
71                                     6.0000000000000000e+00
72                                     1.0000000000000000e+00
73                                     6.0000000000000000e+00
74                                     8.0000000000000000e+00
75                                     7.0000000000000000e+00
76                                     1.0000000000000000e+00
77                                     6.0000000000000000e+00
78                                     1.0000000000000000e+00
79                                     6.0000000000000000e+00
80                                     1.0000000000000000e+00
81                                     1.0000000000000000e+00
82                                     1.0000000000000000e+00
83                                     6.0000000000000000e+00
84                                     8.0000000000000000e+00
   &QA [&Type "ArrayOfDoubles", &Dim (85,1)] "Mulliken gross atomic charge"
                                                         0

0                                     -2.5550579770971904e-01
1                                      1.5673233227367278e-01
2                                     -2.3484389926551330e-03
3                                      8.5321374359936475e-02
4                                     -1.0918531815737254e-01
5                                      5.1189345792702956e-02
6                                      5.5370207404779381e-02
7                                     -2.0598789491370617e-02
8                                      5.0860838852558654e-02
9                                     -1.7708363990662779e-01
10                                     6.3207885738823522e-02
11                                     5.7491036642258520e-02
12                                     6.3781299573769101e-02
13                                    -1.7909888102211813e-01
14                                     5.2798238782215012e-02
15                                     5.5343068487000102e-02
16                                     6.4558835610678544e-02
17                                     3.0717506659764826e-01
18                                    -3.1873161584767473e-01
19                                    -3.7221251257929744e-01
20                                     1.9762089233755253e-01
21                                     4.6529313659140037e-02
22                                     7.8419057226155053e-02
23                                    -2.0312356189757352e-02
24                                     4.9510842903082719e-02
25                                    -1.8306706589411448e-01
26                                     6.0872839509371834e-02
27                                     6.5616316343675485e-02
28                                     6.9349337359939756e-02
29                                    -1.7648791455135893e-01
30                                     6.8838418005931157e-02
31                                     6.2112126754254260e-02
32                                     5.6239467388065401e-02
33                                     3.0465162674874424e-01
34                                    -2.7995873023820828e-01
35                                    -3.7490762439317571e-01
36                                     1.9716626679318550e-01
37                                     5.4495179836860252e-02
38                                     8.4515503888212495e-02
39                                    -1.0997284980844757e-01
40                                     5.9705311122917881e-02
41                                     6.9099193283889471e-02
42                                     7.3122191499743749e-03
43                                    -6.1238678382322220e-02
44                                     6.1201332395866226e-02
45                                    -5.7591727996329389e-02
46                                     6.3623850410310823e-02
47                                    -6.3857477418435060e-02
48                                     6.3765755561989268e-02
49                                    -6.1089014041499468e-02
50                                     6.2463654707129113e-02
51                                    -6.6962207571400256e-02
52                                     6.4504371620526135e-02
53                                     3.0393478867954027e-01
54                                    -2.8726312709921409e-01
55                                    -3.7747295412372672e-01
56                                     1.9113876093942950e-01
57                                     5.6405058742694969e-02
58                                     8.6718463976071303e-02
59                                    -1.0830258665789128e-01
60                                     7.7996493228858821e-02
61                                     6.4982464638082105e-02
62                                     6.8956899878651612e-03
63                                    -6.6616281196966831e-02
64                                     6.5783703109042801e-02
65                                    -5.9592856783955206e-02
66                                     6.9294533964286642e-02
67                                    -6.3683026768042161e-02
68                                     6.5075293898075648e-02
69                                    -6.3910769595870498e-02
70                                     5.8973524360152796e-02
71                                    -6.9854523062634399e-02
72                                     5.9011223085553954e-02
73                                     2.9478044600440434e-01
74                                    -2.9857948697227066e-01
75                                    -3.7748263710172125e-01
76                                     2.1222293475367149e-01
77                                     5.8452881122073030e-02
78                                     8.1118026090020501e-02
79                                    -1.7489210697204527e-01
80                                     6.7868389060544598e-02
81                                     6.1931041796842279e-02
82                                     7.9610404831181758e-02
83                                     1.6936371532370575e-01
84                                    -2.0513924818870777e-01
   &VA [&Type "ArrayOfDoubles", &Dim (85,1)] "Mayer's total valence"
                                                         0

0                                      2.9487596091897457e+00
1                                      9.7543497602005502e-01
2                                      3.9531862526367814e+00
3                                      9.9272026307733152e-01
4                                      3.9650453012408242e+00
5                                      9.9737965087731506e-01
6                                      9.9693414013195170e-01
7                                      3.9676489540549098e+00
8                                      9.9741317507121408e-01
9                                      3.9651084845679674e+00
10                                     9.9600476318042785e-01
11                                     9.9669478070579853e-01
12                                     9.9593194582468114e-01
13                                     3.9663486548509748e+00
14                                     9.9721234598149622e-01
15                                     9.9693714477044326e-01
16                                     9.9583215674459336e-01
17                                     3.9322575415842729e+00
18                                     2.1064578895835231e+00
19                                     3.1922482612959886e+00
20                                     9.6094598291170952e-01
21                                     3.9169710665681579e+00
22                                     9.9385045146376105e-01
23                                     3.9644886460574464e+00
24                                     9.9754867643502632e-01
25                                     3.9658216198116372e+00
26                                     9.9629449741006626e-01
27                                     9.9569449902948670e-01
28                                     9.9519066940773726e-01
29                                     3.9635958201585266e+00
30                                     9.9526127220644067e-01
31                                     9.9614208371006341e-01
32                                     9.9683712230790678e-01
33                                     3.9398021642208412e+00
34                                     2.1149420735811169e+00
35                                     3.1790403072043087e+00
36                                     9.6112546323883841e-01
37                                     3.9231943643590443e+00
38                                     9.9285712960252159e-01
39                                     3.9652665535596956e+00
40                                     9.9643527582371560e-01
41                                     9.9522530148751565e-01
42                                     3.9787663125659449e+00
43                                     3.9770456060702291e+00
44                                     9.9625439691297069e-01
45                                     3.9764451548712469e+00
46                                     9.9595200565896636e-01
47                                     3.9774970372851235e+00
48                                     9.9593392841760864e-01
49                                     3.9774805445722077e+00
50                                     9.9609829184062859e-01
51                                     3.9754455211778597e+00
52                                     9.9583918604184107e-01
53                                     3.9356765371322227e+00
54                                     2.1145100940696877e+00
55                                     3.1710757282824624e+00
56                                     9.6346597406653967e-01
57                                     3.9261103228012995e+00
58                                     9.9247990800563080e-01
59                                     3.9636689765923885e+00
60                                     9.9391654704400056e-01
61                                     9.9577727928956039e-01
62                                     3.9762371477665894e+00
63                                     3.9765500767676145e+00
64                                     9.9567250440526134e-01
65                                     3.9764410762363966e+00
66                                     9.9519826756267238e-01
67                                     3.9766696254278693e+00
68                                     9.9576520612407904e-01
69                                     3.9760565766683285e+00
70                                     9.9652212342454249e-01
71                                     3.9764502374473891e+00
72                                     9.9651767554994697e-01
73                                     3.9338579254250963e+00
74                                     2.1059235177228550e+00
75                                     3.1670026305949777e+00
76                                     9.5496142596453892e-01
77                                     3.9333249099719660e+00
78                                     9.9341986584325870e-01
79                                     3.9609266358254938e+00
80                                     9.9539388176632659e-01
81                                     9.9616454606195781e-01
82                                     9.9366218344261537e-01
83                                     3.5553620838558206e+00
84                                     2.4277773411211010e+00
   &BVA [&Type "ArrayOfDoubles", &Dim (85,1)] "Mayer's bonded valence"
                                                         0

0                                      1.9778441808836058e+00
1                                      9.7539321223564868e-01
2                                      3.9523144351140251e+00
3                                      9.7480102008077762e-01
4                                      3.9617324828186149e+00
5                                      9.9729238142304033e-01
6                                      9.9690026597615899e-01
7                                      3.9673032487882778e+00
8                                      9.9740448144176264e-01
9                                      3.9650445117522586e+00
10                                     9.9600699462094788e-01
11                                     9.9669357968748240e-01
12                                     9.9588977519528654e-01
13                                     3.9662591075440483e+00
14                                     9.9721209250643206e-01
15                                     9.9693637000990387e-01
16                                     9.9580729807866974e-01
17                                     3.9276147293045147e+00
18                                     2.1057778892251413e+00
19                                     3.1915227871073140e+00
20                                     9.6086075315686337e-01
21                                     3.9169202591875525e+00
22                                     9.9383137197932858e-01
23                                     3.9644593934144203e+00
24                                     9.9754806838056675e-01
25                                     3.9658206859297729e+00
26                                     9.9629436315614694e-01
27                                     9.9569439951580385e-01
28                                     9.9519032791865880e-01
29                                     3.9635912481484361e+00
30                                     9.9526126146335347e-01
31                                     9.9614202391233531e-01
32                                     9.9683622983298381e-01
33                                     3.9397997419538755e+00
34                                     2.1149374082290984e+00
35                                     3.1790391846789730e+00
36                                     9.6112542587009975e-01
37                                     3.9231942361319043e+00
38                                     9.9285705041286487e-01
39                                     3.9652665453365761e+00
40                                     9.9643527517195318e-01
41                                     9.9522530135255693e-01
42                                     3.9787663092875212e+00
43                                     3.9770456056973469e+00
44                                     9.9625439687609874e-01
45                                     3.9764451545472932e+00
46                                     9.9595200564474362e-01
47                                     3.9774970370681459e+00
48                                     9.9593392841199846e-01
49                                     3.9774805439242247e+00
50                                     9.9609829183004372e-01
51                                     3.9754455209071411e+00
52                                     9.9583918591558174e-01
53                                     3.9356763227481415e+00
54                                     2.1145099155724347e+00
55                                     3.1710709438105793e+00
56                                     9.6346556900887481e-01
57                                     3.9260988783676143e+00
58                                     9.9247940653286582e-01
59                                     3.9636581453105602e+00
60                                     9.9391644507849508e-01
61                                     9.9577679095132976e-01
62                                     3.9762338256854548e+00
63                                     3.9765495787616905e+00
64                                     9.9567246127598308e-01
65                                     3.9764409935552418e+00
66                                     9.9519824661607303e-01
67                                     3.9766693791136740e+00
68                                     9.9576519275644459e-01
69                                     3.9760563639518809e+00
70                                     9.9652208452009250e-01
71                                     3.9764484075051483e+00
72                                     9.9651829469701625e-01
73                                     3.9335575647806165e+00
74                                     2.1049755111377015e+00
75                                     3.1652470632697742e+00
76                                     9.5468615792537759e-01
77                                     3.8511110305754963e+00
78                                     9.8237970227441651e-01
79                                     3.9606221358203166e+00
80                                     9.9527656657711683e-01
81                                     9.9574122722089731e-01
82                                     9.9348766255379328e-01
83                                     2.9937256308306521e+00
84                                     2.0870072510403563e+00
   &FA [&Type "ArrayOfDoubles", &Dim (85,1)] "Mayer's free valence"
                                                         0

0                                      9.7091542830613986e-01
1                                      4.1763784406346063e-05
2                                      8.7181752275643058e-04
3                                      1.7919242996553914e-02
4                                      3.3128184222092454e-03
5                                      8.7269454274729088e-05
6                                      3.3874155792756091e-05
7                                      3.4570526663207582e-04
8                                      8.6936294514123317e-06
9                                      6.3972815708644365e-05
10                                    -2.2314405199792798e-06
11                                     1.2010183161185575e-06
12                                     4.2170629394567183e-05
13                                     8.9547306926504884e-05
14                                     2.5347506412502683e-07
15                                     7.7476053934830035e-07
16                                     2.4858665923591177e-05
17                                     4.6428122797582362e-03
18                                     6.8000035838191360e-04
19                                     7.2547418867485703e-04
20                                     8.5229754846204470e-05
21                                     5.0807380605391777e-05
22                                     1.9079484432476716e-05
23                                     2.9252643025946394e-05
24                                     6.0805445959685141e-07
25                                     9.3388186431170752e-07
26                                     1.3425391934535397e-07
27                                     9.9513682801653843e-08
28                                     3.4148907840681660e-07
29                                     4.5720100904141817e-06
30                                     1.0743087239166013e-08
31                                     5.9797728091960114e-08
32                                     8.9247492296389587e-07
33                                     2.4222669655789042e-06
34                                     4.6653520183643026e-06
35                                     1.1225253359906554e-06
36                                     3.7368738674955164e-08
37                                     1.2822714009600463e-07
38                                     7.9189656718719029e-08
39                                     8.2231196507614391e-09
40                                     6.5176244938642284e-10
41                                     1.3495869926501127e-10
42                                     3.2784239737145679e-09
43                                     3.7288208335391765e-10
44                                     3.6871998097576701e-11
45                                     3.2395366977663571e-10
46                                     1.4222700045318982e-11
47                                     2.1697744645645516e-10
48                                     5.6101424812335551e-12
49                                     6.4798298773799464e-10
50                                     1.0584887395441399e-11
51                                     2.7071842935190183e-10
52                                     1.2625931490904806e-10
53                                     2.1438408098871474e-07
54                                     1.7849725298904125e-07
55                                     4.7844718830260948e-06
56                                     4.0505766484259269e-07
57                                     1.1444433685368427e-05
58                                     5.0147276499365104e-07
59                                     1.0831281828372690e-05
60                                     1.0196550549768369e-07
61                                     4.8833823063821034e-07
62                                     3.3220811346389537e-06
63                                     4.9800592421659991e-07
64                                     4.3129278292544512e-08
65                                     8.2681154879746419e-08
66                                     2.0946599331860756e-08
67                                     2.4631419537711369e-07
68                                     1.3367634393989411e-08
69                                     2.1271644757522472e-07
70                                     3.8904449988270837e-08
71                                     1.8299422406522725e-06
72                                    -6.1914706928093319e-07
73                                     3.0036064447971282e-04
74                                     9.4800658515338206e-04
75                                     1.7555673252032250e-03
76                                     2.7526803916130165e-04
77                                     8.2213879396469763e-02
78                                     1.1040163568842229e-02
79                                     3.0450000517724500e-04
80                                     1.1731518920974141e-04
81                                     4.2331884106052483e-04
82                                     1.7452088882210072e-04
83                                     5.6163645302516851e-01
84                                     3.4077009008074466e-01
   &Method [&Type "String"] "CASSCF"
   &Level [&Type "String"] "Relaxed density"
   &Mult [&Type "Integer"] 1
   &State [&Type "Integer"] 0
   &Irrep [&Type "Integer"] 0
$End
$Single_Point_Data
   &GeometryIndex 1
   &FinalEnergy [&Type "Double"]      -1.8597019937681071e+03  "Final single point energy"
   &Converged [&Type "Boolean"] true
$End
$Calculation_Info
   &GeometryIndex 1
   &Mult [&Type "Integer"] 1
   &Charge [&Type "Integer"] 0
   &NumOfAtoms [&Type "Integer"] 85
   &NumOfElectrons [&Type "Integer"] 310
   &NumOfBasisFuncts [&Type "Integer"] 253
   &NumOfAuxCBasisFuncts [&Type "Integer"] 0
   &NumOfAuxJBasisFuncts [&Type "Integer"] 0
   &NumOfAuxJKBasisFuncts [&Type "Integer"] 0
   &NumOfCABSBasisFuncts [&Type "Integer"] 0
$End
$CASSCF_Dipole_Moment
   &GeometryIndex 1
   &dipoleMagnitude [&Type "Double", &Units "a.u."]       4.9297972069700515e+00
   &dipoleElecContrib [&Type "ArrayOfDoubles", &Dim (3,1)] "Electronic contribution"
                                                         0

0                                      2.2134840524511411e+01
1                                     -5.2131423295786288e+00
2                                     -3.6517658788817172e+01
   &dipoleNucContrib [&Type "ArrayOfDoubles", &Dim (3,1)] "Nuclear contribution"
                                                         0

0                                     -2.3276117246178671e+01
1                                      3.5641714804902591e+00
2                                      4.1021133345788371e+01
   &dipoleTotal [&Type "ArrayOfDoubles", &Dim (3,1)] "Total"
                                                         0

0                                     -1.1412767216672606e+00
1                                     -1.6489708490883697e+00
2                                      4.5034745569711987e+00
   &doAtomicDipole [&Type "Boolean"] false
   &Method [&Type "String"] "CASSCF"
   &Level [&Type "String"] "Relaxed density"
   &Mult [&Type "Integer"] 1
   &State [&Type "Integer"] 0
   &Irrep [&Type "Integer"] 0
$End
$Calculation_Timings
   &GeometryIndex 1
   &GTOINT [&Type "Double"]       4.3987249999999998e+00
   &SCF [&Type "Double"]       9.6728999999999932e-01
   &CASSCF [&Type "Double"]       2.8169323099999997e+02
   &PROPINT [&Type "Double"]       5.6436899999999923e-01
   &PROP [&Type "Double"]       5.3873800000002348e-01
   &SUM [&Type "Double"]       2.8816235300000000e+02
$End
